,,Overall,Overall,Overall,Overall,Overall,Overall,Conf.,Conf.,Home,Home,Away,Away,Points,Points,,School Advanced,School Advanced,School Advanced,School Advanced,School Advanced,School Advanced,School Advanced,School Advanced,School Advanced,School Advanced,School Advanced,School Advanced,School Advanced
Rk,School,G,W,L,W-L%,SRS,SOS,W,L,W,L,W,L,Tm.,Opp.,,Pace,ORtg,FTr,3PAr,TS%,TRB%,AST%,STL%,BLK%,eFG%,TOV%,ORB%,FT/FGA
1,Abilene Christian NCAA,34,27,7,.794,-1.91,-7.34,14,4,13,2,10,4,2502,2161,,67.2,108.6,.336,.345,.565,50.3,58.5,12.9,8.0,.535,15.5,28.8,.239
2,Air Force,32,14,18,.438,-4.28,0.24,8,10,9,6,3,9,2179,2294,,67.4,99.5,.283,.400,.541,50.1,54.1,7.0,5.8,.517,17.4,23.7,.192
3,Akron,33,17,16,.515,4.86,1.09,8,10,14,3,1,10,2271,2107,,68.5,100.1,.277,.477,.515,48.2,50.1,8.2,8.9,.485,15.0,25.3,.195
4,Alabama A&M,32,5,27,.156,-19.23,-8.38,4,14,4,7,0,18,1938,2285,,67.5,88.7,.250,.320,.479,47.1,52.3,10.7,4.7,.457,19.4,27.6,.157
5,Alabama-Birmingham,35,20,15,.571,0.36,-1.52,10,8,11,5,6,6,2470,2370,,66.6,105.2,.315,.346,.536,52.7,44.3,9.3,7.5,.511,14.8,30.4,.212
6,Alabama State,31,12,19,.387,-15.60,-7.84,9,9,8,3,3,13,2086,2235,,69.6,95.9,.388,.382,.499,49.0,44.0,9.3,9.3,.465,17.8,30.9,.253
7,Alabama,34,18,16,.529,9.45,9.01,8,10,10,6,4,8,2448,2433,,69.8,102.8,.380,.369,.533,52.0,48.8,6.6,11.6,.503,16.8,31.5,.253
8,Albany (NY),32,12,20,.375,-9.38,-6.70,7,9,6,8,6,10,2150,2216,,66.7,99.2,.322,.451,.533,49.7,55.2,9.0,7.1,.494,18.4,27.1,.240
9,Alcorn State,31,10,21,.323,-22.08,-8.97,6,12,10,3,0,17,1995,2194,,68.8,93.2,.316,.375,.504,49.9,55.1,10.7,9.8,.473,19.9,30.1,.213
10,American,30,15,15,.500,-4.19,-7.23,9,9,8,7,6,8,2161,2070,,67.7,104.6,.358,.355,.561,50.4,51.5,10.7,11.0,.532,16.7,26.1,.250
11,Appalachian State,32,11,21,.344,-3.73,0.10,6,12,9,5,2,12,2557,2539,,73.7,107.6,.364,.420,.562,48.6,46.1,7.2,6.9,.529,15.5,26.5,.261
12,Arizona State NCAA,34,23,11,.676,10.28,6.04,12,6,13,3,6,5,2638,2494,,72.5,105.4,.438,.355,.543,52.6,51.1,8.5,9.6,.506,16.1,31.3,.298
13,Arizona,32,17,15,.531,8.32,6.32,8,10,12,5,4,7,2269,2205,,68.6,102.6,.333,.376,.526,50.5,50.1,7.5,6.6,.490,14.7,28.4,.240
14,Little Rock,31,10,21,.323,-4.87,-2.07,5,13,7,9,3,12,2301,2353,,72.7,101.2,.417,.345,.569,49.8,54.2,7.4,8.6,.545,19.9,24.1,.273
15,Arkansas-Pine Bluff,32,13,19,.406,-14.43,-8.18,10,8,8,2,4,17,2108,2269,,67.3,96.3,.417,.341,.522,49.4,50.8,9.9,9.5,.484,19.1,29.1,.282
16,Arkansas State,32,13,19,.406,-7.10,-1.23,7,11,10,4,2,13,2359,2475,,70.2,102.6,.379,.372,.525,51.5,45.6,8.0,11.8,.480,16.6,33.2,.278
17,Arkansas,34,18,16,.529,11.75,8.78,8,10,12,6,5,8,2559,2458,,71.7,104.2,.384,.375,.540,47.0,60.8,11.2,15.4,.510,16.0,28.3,.256
18,Army,32,13,19,.406,-7.57,-4.73,8,10,10,4,3,13,2268,2305,,71.7,98.9,.241,.441,.520,48.9,59.6,8.6,4.6,.497,14.7,21.8,.165
19,Auburn NCAA,40,30,10,.750,20.84,10.92,11,7,15,2,4,6,3188,2750,,69.2,114.1,.312,.494,.569,49.2,52.1,13.2,15.6,.543,14.3,31.6,.221
20,Austin Peay,33,22,11,.667,0.59,-4.41,13,5,10,2,8,7,2712,2413,,71.8,113.1,.342,.341,.566,51.7,46.7,10.5,9.2,.537,14.1,33.1,.242
21,Ball State,33,16,17,.485,3.39,1.21,6,12,7,7,8,7,2478,2362,,71.7,103.1,.375,.328,.556,51.5,47.9,9.0,8.8,.523,17.7,27.7,.263
22,Baylor NCAA,34,20,14,.588,13.38,9.26,10,8,13,5,5,6,2442,2302,,66.5,107.6,.323,.408,.538,54.1,54.4,9.2,13.8,.512,16.4,37.6,.219
23,Belmont NCAA,33,27,6,.818,9.12,-2.60,16,2,13,1,12,3,2868,2439,,74.2,116.2,.286,.440,.603,52.2,61.9,8.9,9.1,.580,13.7,25.1,.211
24,Bethune-Cookman,31,14,17,.452,-11.98,-9.74,9,7,11,4,3,12,2290,2245,,74.3,98.6,.363,.334,.514,52.1,53.3,10.1,8.8,.492,18.4,34.2,.221
25,Binghamton,33,10,23,.303,-13.92,-4.69,5,11,5,11,5,12,2152,2376,,67.3,96.9,.245,.428,.523,45.6,40.9,8.2,12.6,.505,16.6,21.4,.158
26,Boise State,33,13,20,.394,3.61,1.08,7,11,8,7,3,10,2364,2263,,66.5,106.9,.324,.397,.569,49.8,47.1,9.0,6.4,.539,15.4,23.7,.234
27,Boston College,31,14,17,.452,5.83,7.76,5,13,10,8,2,8,2196,2256,,68.4,101.9,.350,.380,.521,48.7,49.7,7.4,9.1,.485,15.2,28.6,.244
28,Boston University,33,15,18,.455,-6.61,-5.39,7,11,7,7,8,10,2385,2387,,68.1,105.8,.243,.332,.556,51.5,48.5,8.8,6.6,.537,16.5,28.7,.166
29,Bowling Green State,34,22,12,.647,4.24,0.86,12,6,14,2,5,8,2668,2496,,72.8,106.9,.354,.357,.535,53.5,45.2,9.1,7.7,.507,14.2,31.1,.237
30,Bradley NCAA,35,20,15,.571,-0.08,-0.90,9,9,10,6,5,8,2329,2285,,66.2,100.2,.359,.348,.531,50.7,52.1,8.0,11.6,.497,16.7,26.9,.248
31,Brigham Young,32,19,13,.594,6.15,3.31,11,5,13,3,5,8,2527,2436,,71.9,108.5,.399,.364,.566,49.0,54.9,8.7,8.8,.528,13.7,23.6,.290
32,Brown,32,20,12,.625,-0.62,-3.29,7,7,13,3,7,9,2355,2204,,72.6,100.6,.377,.410,.549,50.0,51.9,10.3,11.0,.513,17.6,23.5,.270
33,Bryant,30,10,20,.333,-15.19,-7.66,7,11,8,6,2,13,2088,2314,,69.2,100.6,.368,.421,.529,47.3,45.0,7.6,7.5,.490,16.3,26.7,.262
34,Bucknell,33,21,12,.636,0.59,-2.93,13,5,12,3,7,8,2534,2418,,71.4,107.2,.339,.459,.566,49.8,59.9,7.3,8.9,.530,15.5,25.5,.254
35,Buffalo NCAA,36,32,4,.889,15.56,2.62,16,2,14,0,12,3,3037,2550,,74.5,112.8,.327,.436,.561,52.4,55.3,9.8,10.1,.535,13.8,31.8,.225
36,Butler,33,16,17,.485,9.22,8.10,7,11,12,4,2,10,2374,2337,,67.1,106.5,.252,.428,.548,48.3,50.4,8.7,5.7,.521,14.2,25.5,.186
37,Cal Poly,29,6,23,.207,-13.95,-3.54,2,14,4,8,1,14,1930,2183,,66.8,97.5,.264,.401,.500,46.8,42.6,7.4,8.9,.477,14.8,26.1,.171
38,Cal State Bakersfield,34,18,16,.529,-5.12,-2.63,7,9,9,4,7,10,2412,2412,,67.6,103.7,.296,.326,.505,53.3,42.7,9.4,10.4,.477,15.5,37.4,.199
39,Cal State Fullerton,34,16,18,.471,-3.29,-1.14,10,6,9,4,4,11,2437,2414,,70.3,100.1,.380,.308,.540,50.3,46.9,8.2,8.7,.503,16.6,23.9,.269
40,Cal State Northridge,34,13,21,.382,-6.54,-3.39,7,9,7,9,4,11,2601,2701,,72.1,105.0,.321,.308,.536,47.9,52.9,9.1,11.3,.516,14.5,27.7,.205
41,California Baptist,31,16,15,.516,-3.89,-4.12,7,9,8,7,8,6,2403,2241,,70.1,108.9,.310,.430,.563,52.1,41.5,6.7,7.0,.524,15.1,28.2,.244
42,UC-Davis,31,11,20,.355,-6.26,-1.50,7,9,7,6,3,12,2038,2128,,67.0,96.5,.308,.370,.531,46.5,51.0,9.3,7.0,.500,17.7,21.5,.218
43,UC-Irvine NCAA,37,31,6,.838,5.70,-2.30,15,1,12,2,13,2,2675,2353,,66.2,107.8,.296,.325,.543,54.8,48.5,8.5,10.9,.516,15.2,34.0,.208
44,UC-Riverside,33,10,23,.303,-11.12,-3.19,4,12,7,7,2,14,2153,2279,,64.3,101.1,.237,.416,.541,50.5,53.7,7.7,5.4,.521,17.6,26.9,.162
45,UC-Santa Barbara,32,22,10,.688,-1.62,-5.55,10,6,12,3,7,6,2350,2114,,66.0,110.4,.381,.327,.547,54.8,52.2,7.5,9.2,.510,14.2,34.8,.273
46,University of California,31,8,23,.258,-3.16,5.42,3,15,7,9,1,10,2121,2387,,68.5,99.5,.348,.341,.525,44.6,45.7,10.7,10.0,.486,14.8,23.3,.251
47,Campbell,33,20,13,.606,-3.62,-4.39,12,4,12,4,5,8,2495,2328,,68.0,110.7,.310,.478,.571,47.8,55.6,9.7,9.9,.537,13.4,23.7,.235
48,Canisius,32,15,17,.469,-8.79,-4.85,11,7,5,8,9,5,2250,2376,,68.5,101.4,.314,.431,.534,47.3,58.4,9.2,9.7,.505,16.4,27.1,.217
49,Central Arkansas,33,14,19,.424,-11.37,-4.81,8,10,8,5,5,13,2383,2498,,72.0,99.5,.350,.412,.537,48.2,57.2,8.4,10.1,.498,17.7,25.1,.256
50,Central Connecticut State,31,11,20,.355,-14.02,-6.71,5,13,5,7,5,12,2205,2367,,70.4,99.4,.348,.336,.520,50.1,46.8,7.8,10.9,.469,16.8,29.9,.272
51,Central Florida NCAA,33,24,9,.727,13.37,5.58,13,5,15,2,5,5,2385,2128,,67.3,107.0,.453,.356,.557,51.5,53.6,8.5,12.6,.529,15.5,29.0,.294
52,Central Michigan,35,23,12,.657,2.79,-0.34,10,8,13,4,7,6,2896,2690,,73.6,110.5,.417,.378,.555,49.6,47.1,10.2,7.4,.525,14.0,31.4,.280
53,Charleston Southern,34,18,16,.529,-2.43,-4.19,9,7,12,4,4,11,2574,2369,,71.9,104.5,.273,.438,.528,51.0,52.6,10.7,9.9,.505,15.3,30.9,.185
54,Charlotte,29,8,21,.276,-8.34,-0.89,5,13,5,9,3,9,1776,1992,,65.8,93.0,.363,.426,.525,48.3,48.2,7.2,11.1,.481,19.8,21.9,.270
55,Chattanooga,32,12,20,.375,-7.87,-0.76,7,11,8,6,4,11,2268,2376,,69.5,101.6,.243,.423,.540,48.6,50.2,6.2,6.4,.520,16.3,24.4,.166
56,Chicago State,32,3,29,.094,-24.83,0.67,0,16,3,8,0,19,1970,2710,,72.0,85.5,.332,.269,.486,44.4,52.4,8.4,6.4,.450,20.2,22.3,.224
57,Cincinnati NCAA,35,28,7,.800,14.53,5.50,14,4,16,2,7,4,2510,2194,,65.0,109.5,.376,.333,.528,53.7,53.4,9.3,14.5,.490,13.3,36.9,.265
58,Citadel,30,12,18,.400,-7.94,0.03,4,14,8,7,4,10,2553,2584,,76.7,110.0,.260,.535,.565,47.7,51.4,8.7,10.6,.539,14.6,27.0,.191
59,Clemson,34,20,14,.588,13.85,8.99,9,9,14,5,4,6,2339,2174,,67.3,102.2,.335,.356,.543,52.5,49.2,9.7,13.7,.507,17.3,27.9,.246
60,Cleveland State,31,10,21,.323,-7.96,-1.52,5,13,8,9,2,12,2300,2437,,71.4,103.1,.319,.447,.545,47.5,57.6,7.8,8.3,.518,16.3,26.7,.218
61,Coastal Carolina,34,17,17,.500,-0.50,-1.94,9,9,10,4,6,11,2641,2520,,71.2,108.3,.392,.386,.561,52.8,50.2,8.8,7.4,.524,16.7,32.1,.281
62,Colgate NCAA,35,24,11,.686,1.23,-3.83,13,5,15,1,9,9,2648,2458,,67.8,110.3,.282,.409,.585,52.7,56.6,8.9,10.0,.559,16.8,29.1,.210
63,College of Charleston,33,24,9,.727,2.36,-2.95,12,6,13,2,8,5,2453,2265,,66.3,111.3,.338,.367,.581,50.4,44.1,9.8,7.3,.545,14.1,25.4,.259
64,Colorado State,32,12,20,.375,-0.11,1.41,7,11,8,9,3,8,2393,2406,,68.9,108.1,.318,.397,.572,49.8,54.5,9.0,6.8,.548,15.1,24.5,.221
65,Colorado,36,23,13,.639,9.68,3.60,10,8,15,2,5,9,2648,2429,,69.4,105.6,.372,.349,.553,54.6,51.7,7.2,8.3,.510,16.7,30.7,.280
66,Columbia,28,10,18,.357,-5.18,-2.14,5,9,5,7,4,9,2059,2052,,69.4,102.3,.219,.381,.542,49.7,56.9,10.8,8.3,.521,16.2,25.6,.155
67,Connecticut,33,16,17,.485,6.81,4.32,6,12,13,5,1,8,2436,2354,,69.7,105.5,.327,.374,.538,50.7,48.3,8.7,11.9,.510,15.9,32.3,.223
68,Coppin State,33,8,25,.242,-18.90,-7.11,7,9,3,7,4,16,2118,2507,,71.9,88.5,.377,.460,.492,48.8,45.9,7.1,9.5,.454,20.5,25.5,.251
69,Cornell,31,15,16,.484,-6.12,-2.02,7,7,9,4,6,12,2149,2211,,69.6,98.0,.323,.429,.546,46.7,60.1,8.3,8.6,.513,17.4,18.3,.233
70,Creighton,35,20,15,.571,12.00,8.59,9,9,13,6,4,8,2727,2561,,70.2,109.4,.285,.470,.588,50.2,57.2,9.5,7.4,.570,16.7,24.9,.193
71,Dartmouth,30,11,19,.367,-5.75,-3.00,2,12,8,6,2,12,2160,2116,,68.3,104.5,.249,.412,.552,50.4,53.9,7.6,8.7,.527,15.6,24.3,.179
72,Davidson,34,24,10,.706,6.38,1.96,14,4,14,2,7,5,2409,2229,,66.1,106.8,.277,.466,.562,50.9,58.6,7.8,7.7,.532,15.0,23.8,.208
73,Dayton,33,21,12,.636,9.67,2.91,13,5,13,4,7,4,2406,2183,,66.2,108.9,.321,.345,.583,52.0,60.0,7.4,7.0,.561,16.7,26.4,.222
74,Delaware State,31,6,25,.194,-26.82,-10.13,2,14,3,9,2,15,1956,2371,,72.6,86.9,.249,.402,.446,46.7,47.9,9.5,6.0,.414,16.5,28.1,.169
75,Delaware,33,17,16,.515,-7.91,-4.82,8,10,9,7,7,8,2352,2380,,64.7,106.9,.312,.413,.567,48.8,51.2,6.8,6.5,.537,15.4,23.7,.227
76,Denver,30,8,22,.267,-11.84,-2.97,3,13,6,7,1,14,2086,2319,,69.1,100.3,.267,.361,.537,51.5,46.9,6.8,7.9,.504,17.4,26.7,.203
77,DePaul,36,19,17,.528,6.00,4.05,7,11,16,7,3,9,2821,2751,,71.7,108.6,.361,.328,.562,53.7,50.8,8.7,9.7,.527,16.3,31.8,.262
78,Detroit Mercy,31,11,20,.355,-6.33,-0.36,8,10,6,6,4,14,2279,2464,,70.4,104.4,.310,.440,.530,45.7,40.7,10.9,7.0,.497,14.2,28.8,.223
79,Drake,34,24,10,.706,2.52,-0.66,12,6,13,2,7,6,2563,2387,,69.6,106.3,.318,.398,.573,51.1,57.0,7.5,10.0,.539,16.7,24.9,.241
80,Drexel,32,13,19,.406,-7.02,-2.93,7,11,9,7,3,11,2425,2475,,70.0,108.3,.307,.352,.557,51.9,53.1,6.4,4.9,.522,14.8,29.0,.232
81,Duke NCAA,38,32,6,.842,26.90,11.98,14,4,15,2,7,2,3143,2576,,73.2,112.6,.332,.373,.561,53.8,52.4,12.4,16.4,.536,14.8,35.3,.228
82,Duquesne,32,19,13,.594,0.53,-0.63,10,8,14,4,4,6,2351,2314,,70.5,103.1,.350,.444,.532,48.2,54.6,11.0,12.1,.499,17.0,31.7,.243
83,East Carolina,31,10,21,.323,-5.49,1.31,3,15,8,9,1,11,2088,2299,,69.9,95.2,.356,.304,.499,47.9,51.0,10.2,10.0,.461,16.6,27.9,.243
84,East Tennessee State,34,24,10,.706,5.21,-1.79,13,5,13,3,8,6,2707,2371,,70.2,112.2,.307,.367,.572,57.3,53.2,10.4,11.8,.552,16.9,37.7,.206
85,Eastern Illinois,32,14,18,.438,-11.81,-5.01,7,11,7,6,5,10,2299,2457,,69.0,101.7,.285,.384,.530,49.2,52.5,8.8,10.7,.503,16.4,29.3,.196
86,Eastern Kentucky,31,13,18,.419,-7.40,-2.47,6,12,9,5,3,11,2562,2577,,79.9,101.3,.321,.392,.523,47.5,50.8,12.5,8.0,.488,15.4,27.7,.229
87,Eastern Michigan,32,15,17,.469,0.40,4.43,9,9,11,7,4,10,2203,2213,,66.5,102.3,.331,.348,.522,51.0,45.1,11.0,13.6,.500,17.3,35.6,.208
88,Eastern Washington,34,16,18,.471,-6.77,-4.17,12,8,9,4,4,13,2460,2527,,69.5,102.6,.268,.434,.535,49.9,53.3,8.3,8.6,.505,14.8,24.4,.195
89,Elon,32,11,21,.344,-11.53,-3.56,7,11,5,11,6,7,2266,2445,,69.0,101.8,.238,.506,.547,48.0,57.6,6.1,5.3,.526,16.6,23.6,.165
90,Evansville,32,11,21,.344,-3.84,0.13,5,13,9,7,2,13,2234,2317,,70.8,97.5,.372,.437,.535,47.3,52.7,8.1,7.1,.495,16.6,18.9,.268
91,Fairfield,31,9,22,.290,-10.20,-7.14,6,12,5,7,3,13,2072,2167,,68.1,98.1,.239,.422,.530,47.6,52.7,9.6,6.0,.507,18.2,25.8,.166
92,Fairleigh Dickinson NCAA,35,21,14,.600,-6.09,-7.24,12,6,13,4,7,9,2620,2515,,68.7,107.5,.362,.347,.576,49.3,52.8,10.7,10.5,.544,17.3,28.8,.263
93,Florida A&M,31,12,19,.387,-13.57,-8.09,9,7,6,3,6,14,1927,2057,,67.1,92.3,.307,.298,.513,47.9,49.4,10.8,10.7,.493,21.0,27.9,.188
94,Florida Atlantic,33,17,16,.515,-1.42,-1.76,8,10,9,5,6,9,2322,2243,,70.3,99.0,.280,.454,.520,52.4,51.8,7.8,8.2,.484,17.8,29.8,.210
95,Florida Gulf Coast,32,14,18,.438,-5.11,-1.48,9,7,10,4,4,10,2280,2360,,71.1,100.2,.329,.405,.552,48.3,55.5,9.6,11.6,.528,18.8,25.6,.220
96,Florida International,34,20,14,.588,-4.55,-1.45,10,8,12,4,6,9,2798,2734,,80.8,101.9,.382,.412,.529,45.4,49.8,13.1,11.2,.503,15.3,26.0,.244
97,Florida State NCAA,37,29,8,.784,17.99,10.26,13,5,15,1,6,4,2771,2485,,69.5,106.3,.358,.377,.545,53.2,49.5,10.2,12.7,.505,16.2,32.3,.267
98,Florida NCAA,36,20,16,.556,15.42,11.22,9,9,9,6,5,6,2440,2289,,64.7,103.7,.299,.433,.530,49.2,51.0,10.9,11.0,.498,15.4,30.6,.216
99,Fordham,32,12,20,.375,-5.02,-2.40,3,15,9,10,3,8,2108,2141,,66.4,98.0,.244,.440,.500,47.5,47.4,8.7,9.9,.475,14.1,25.3,.166
100,Fresno State,32,23,9,.719,8.99,0.67,13,5,13,4,7,3,2448,2162,,69.6,109.5,.307,.481,.573,51.0,54.0,10.2,10.5,.546,15.8,27.1,.221
101,Furman,33,25,8,.758,7.46,-1.50,13,5,13,3,11,4,2562,2182,,68.3,112.0,.259,.477,.581,50.8,56.3,12.6,11.4,.560,15.6,29.5,.186
102,Gardner-Webb NCAA,35,23,12,.657,-2.61,-4.43,11,6,13,0,8,9,2718,2468,,68.5,110.9,.378,.366,.587,49.2,52.6,9.7,8.8,.558,15.0,24.5,.269
103,George Mason,33,18,15,.545,0.84,0.08,11,7,11,6,6,6,2314,2289,,68.1,102.2,.342,.343,.537,51.3,48.4,9.0,8.4,.501,16.6,28.9,.245
104,George Washington,33,9,24,.273,-6.65,1.20,4,14,6,11,2,10,2097,2356,,67.5,92.8,.326,.343,.493,47.4,50.3,7.5,8.3,.458,16.3,23.3,.223
105,Georgetown,33,19,14,.576,6.80,5.31,9,9,13,6,5,6,2625,2576,,73.2,105.8,.382,.375,.551,52.0,60.6,8.0,10.5,.510,15.7,28.8,.282
106,Georgia Southern,33,21,12,.636,3.75,0.13,12,6,10,4,7,7,2726,2489,,75.2,109.0,.355,.312,.575,50.8,39.8,10.2,10.6,.549,16.0,28.4,.246
107,Georgia State NCAA,34,24,10,.706,2.44,0.65,13,5,13,1,7,7,2598,2491,,71.3,107.1,.353,.436,.565,45.4,46.0,11.1,14.0,.543,14.5,23.1,.235
108,Georgia Tech,32,14,18,.438,6.93,8.15,6,12,11,7,3,9,2091,2130,,68.1,95.5,.343,.334,.525,48.2,57.4,10.1,14.4,.492,18.7,25.2,.236
109,Georgia,32,11,21,.344,5.31,8.12,2,16,8,9,2,9,2274,2364,,70.4,100.9,.412,.371,.540,52.1,54.5,8.2,12.7,.500,19.4,32.7,.291
110,Gonzaga NCAA,37,33,4,.892,27.79,5.01,16,0,17,0,9,1,3243,2400,,71.7,122.2,.353,.353,.620,54.7,56.8,10.5,13.9,.590,13.1,30.4,.269
111,Grambling,34,17,17,.500,-9.73,-9.34,10,8,11,3,6,12,2426,2336,,71.5,99.1,.423,.300,.547,50.8,50.4,7.9,11.5,.512,19.5,26.3,.290
112,Grand Canyon,34,20,14,.588,3.85,-1.49,10,6,12,2,5,8,2560,2353,,69.6,107.3,.332,.387,.551,51.8,52.7,8.7,6.0,.516,15.0,29.1,.243
113,Green Bay,38,21,17,.553,-2.24,-0.36,10,8,15,3,5,13,3090,3036,,76.4,105.4,.339,.364,.551,48.2,52.3,9.9,10.5,.521,15.1,25.9,.238
114,Hampton,35,18,17,.514,-3.34,-5.06,9,7,12,3,6,12,2847,2669,,73.3,108.7,.353,.377,.545,50.7,50.4,8.2,9.2,.497,12.7,27.1,.278
115,Hartford,33,18,15,.545,-3.95,-4.89,10,6,10,4,8,9,2477,2407,,68.0,108.4,.332,.454,.574,47.5,54.5,10.0,6.0,.542,15.7,25.4,.247
116,Harvard,31,19,12,.613,1.86,0.66,10,4,9,2,8,9,2222,2174,,68.5,102.6,.314,.422,.565,53.3,46.9,8.0,11.3,.536,20.0,28.5,.227
117,Hawaii,31,18,13,.581,-1.30,-3.61,9,7,12,5,4,5,2241,2131,,67.6,106.1,.330,.430,.555,51.1,60.7,7.4,5.8,.527,15.4,26.8,.229
118,High Point,31,16,15,.516,-5.63,-4.39,9,7,9,4,5,8,2115,2105,,65.5,103.0,.352,.339,.527,55.0,52.9,8.3,9.8,.496,16.8,34.2,.238
119,Hofstra,35,27,8,.771,4.68,-4.53,15,3,15,1,10,6,2919,2553,,68.3,118.8,.373,.389,.603,50.3,49.3,9.3,9.2,.561,12.4,27.7,.299
120,Holy Cross,33,16,17,.485,-6.43,-4.01,6,12,8,6,6,11,2216,2296,,65.0,102.1,.231,.365,.544,43.5,60.5,11.1,12.4,.527,14.7,20.5,.154
121,Houston Baptist,30,12,18,.400,-9.36,-5.53,8,10,9,4,3,13,2465,2484,,75.0,107.3,.418,.310,.542,52.2,51.9,10.2,4.5,.509,16.3,35.0,.282
122,Houston NCAA,37,33,4,.892,18.91,4.61,16,2,19,1,10,1,2787,2258,,67.3,111.8,.316,.426,.550,54.9,55.8,9.6,13.4,.521,13.9,33.8,.222
123,Howard,34,17,17,.500,-12.30,-9.52,10,6,6,8,9,8,2684,2661,,74.8,104.8,.361,.309,.530,48.1,49.4,7.7,11.1,.490,14.4,29.7,.262
124,Idaho State,30,11,19,.367,-13.17,-4.81,7,13,6,7,5,11,2198,2369,,68.9,106.3,.286,.432,.555,48.6,49.2,7.4,7.9,.526,15.4,26.8,.210
125,Idaho,32,5,27,.156,-18.74,-6.19,2,18,4,11,1,13,2174,2460,,67.9,99.6,.287,.384,.542,47.7,51.3,6.0,4.8,.512,17.8,24.2,.208
126,Illinois-Chicago,32,16,16,.500,-3.15,-1.99,10,8,12,4,4,12,2391,2385,,71.5,103.2,.279,.455,.561,48.4,55.3,9.1,10.6,.540,17.6,24.8,.190
127,Illinois State,33,17,16,.515,-2.06,0.25,9,9,12,4,2,10,2257,2314,,67.9,100.0,.286,.389,.526,49.5,51.8,7.2,9.7,.495,16.3,25.5,.205
128,Illinois,33,12,21,.364,8.95,11.53,7,13,9,6,1,9,2398,2483,,71.0,101.2,.295,.375,.525,47.6,51.7,10.3,7.3,.496,16.0,29.0,.207
129,Incarnate Word,31,6,25,.194,-18.93,-5.11,1,17,5,9,0,14,2044,2355,,66.6,97.8,.362,.333,.571,46.7,49.8,8.8,5.2,.523,22.0,23.6,.293
130,Indiana State,31,15,16,.484,-2.72,0.62,7,11,9,5,4,9,2146,2218,,69.2,99.2,.361,.286,.533,48.4,45.2,9.6,6.8,.492,16.6,23.8,.264
131,Indiana,35,19,16,.543,13.82,10.10,8,12,15,6,3,9,2504,2374,,68.3,103.3,.346,.336,.535,50.8,51.0,9.3,12.1,.510,15.6,28.1,.226
132,Iona NCAA,33,17,16,.515,-4.78,-5.50,12,6,8,3,5,9,2532,2508,,71.4,107.4,.368,.445,.568,48.0,50.4,9.5,7.7,.530,15.4,24.3,.275
133,Iowa State NCAA,35,23,12,.657,18.07,9.30,9,9,12,4,5,6,2692,2385,,68.2,112.7,.300,.396,.575,50.3,54.1,10.3,12.5,.548,13.9,28.4,.220
134,Iowa NCAA,35,23,12,.657,14.27,9.84,10,10,14,4,4,6,2740,2585,,70.2,110.4,.423,.390,.569,50.6,59.3,8.5,9.0,.527,15.1,29.5,.313
135,Purdue-Fort Wayne,33,18,15,.545,-3.47,-3.60,9,7,11,5,6,9,2728,2556,,73.4,111.7,.271,.461,.587,48.9,53.0,10.1,12.3,.569,14.5,24.0,.187
136,IUPUI,33,16,17,.485,-2.72,-3.04,8,10,11,4,3,13,2507,2429,,71.6,106.2,.355,.353,.545,53.2,52.9,9.7,8.8,.512,16.7,34.3,.249
137,Jackson State,32,13,19,.406,-14.60,-9.33,10,8,9,4,3,14,1974,2107,,67.4,91.1,.342,.312,.479,50.4,50.1,9.6,11.9,.448,17.5,28.5,.217
138,Jacksonville State,33,24,9,.727,1.59,-5.47,15,3,11,1,10,7,2574,2283,,71.3,107.4,.305,.307,.545,54.3,47.3,10.2,12.2,.510,15.7,33.4,.227
139,Jacksonville,32,12,20,.375,-8.27,-4.74,5,11,5,8,6,11,2385,2402,,73.3,101.3,.298,.330,.535,50.5,51.4,9.0,13.0,.510,17.2,28.4,.202
140,James Madison,33,14,19,.424,-8.52,-4.07,6,12,8,6,4,11,2322,2409,,66.0,104.3,.327,.360,.541,50.6,49.1,9.5,8.3,.507,16.4,30.8,.235
141,Kansas State NCAA,34,25,9,.735,15.39,9.18,14,4,13,2,7,5,2236,2025,,64.9,101.3,.306,.384,.520,50.9,57.6,11.6,7.7,.493,15.2,28.4,.204
142,Kansas NCAA,36,26,10,.722,18.35,12.79,12,6,16,0,3,8,2725,2525,,70.3,106.5,.325,.349,.555,52.1,48.3,9.5,10.9,.526,16.1,29.9,.229
143,Kennesaw State,32,6,26,.188,-16.17,-1.04,3,13,6,8,0,15,2030,2455,,70.9,89.1,.303,.225,.456,48.7,48.8,8.1,8.7,.416,16.4,29.4,.211
144,Kent State,33,22,11,.667,1.26,0.61,11,7,14,3,8,7,2481,2417,,69.4,107.5,.315,.381,.531,51.0,49.0,9.8,10.2,.496,13.9,33.7,.228
145,Kentucky NCAA,37,30,7,.811,21.43,10.29,15,3,17,1,8,2,2806,2394,,67.3,111.9,.419,.296,.571,56.9,51.2,8.8,13.4,.530,15.9,36.4,.310
146,La Salle,31,10,21,.323,-3.61,1.29,8,10,5,9,3,8,2091,2243,,69.5,97.0,.285,.435,.512,48.9,54.4,10.7,8.6,.472,17.6,28.8,.219
147,Lafayette,30,10,20,.333,-11.17,-4.93,7,11,4,11,6,9,2209,2349,,70.4,102.8,.245,.412,.554,48.3,52.2,7.4,10.8,.527,16.8,22.6,.182
148,Lamar,33,20,13,.606,-5.94,-7.22,12,6,13,2,6,10,2597,2322,,71.3,108.7,.416,.336,.549,54.9,53.3,11.8,8.4,.514,16.7,37.2,.286
149,Lehigh,31,20,11,.645,-2.34,-4.46,12,6,11,3,9,8,2479,2413,,72.5,109.4,.349,.383,.599,50.5,55.0,7.5,6.3,.563,16.8,23.5,.270
150,Liberty NCAA,36,29,7,.806,5.27,-3.88,14,2,16,1,11,3,2654,2209,,65.4,112.8,.265,.442,.596,51.5,55.2,9.5,8.1,.569,15.1,25.1,.205
151,Lipscomb,37,29,8,.784,9.21,-1.20,14,2,14,3,14,4,3076,2597,,74.9,111.0,.359,.393,.589,52.9,61.1,9.7,8.0,.554,15.8,26.2,.272
152,Cal State Long Beach,34,15,19,.441,-4.57,-0.44,8,8,9,5,4,12,2545,2584,,73.3,101.0,.409,.310,.525,48.7,45.5,8.7,7.6,.485,16.5,29.1,.283
153,Long Island University,32,16,16,.500,-8.99,-9.08,9,9,8,5,7,9,2373,2337,,72.9,101.4,.342,.432,.543,50.1,52.3,9.3,12.0,.511,17.7,27.8,.240
154,Longwood,34,16,18,.471,-8.43,-6.62,5,11,10,5,5,12,2407,2408,,68.9,101.6,.341,.501,.552,50.7,49.9,8.9,7.2,.517,18.0,24.6,.250
155,Louisiana,32,19,13,.594,-2.07,-1.51,10,8,10,4,7,7,2612,2575,,74.8,108.2,.350,.405,.553,48.5,54.1,9.4,10.0,.515,15.2,29.9,.260
156,Louisiana-Monroe,35,19,16,.543,0.81,-1.96,9,9,14,3,4,12,2773,2637,,69.2,112.5,.363,.439,.583,49.4,54.0,8.4,6.1,.541,14.3,27.2,.284
157,Louisiana State NCAA,35,28,7,.800,16.50,9.16,16,2,15,2,9,1,2815,2558,,70.6,111.1,.371,.342,.553,53.0,45.7,12.2,11.8,.512,15.1,36.2,.279
158,Louisiana Tech,33,20,13,.606,0.95,-2.31,9,9,15,1,4,10,2386,2235,,68.0,105.2,.358,.392,.529,50.6,52.4,8.4,10.0,.501,14.6,30.2,.235
159,Louisville NCAA,34,20,14,.588,17.28,11.04,10,8,14,4,5,6,2536,2324,,68.4,107.4,.349,.437,.553,52.4,53.6,6.3,7.9,.509,15.2,29.0,.271
160,Loyola (IL),34,20,14,.588,3.99,-0.16,12,6,13,4,5,7,2231,2066,,63.7,103.0,.323,.334,.573,50.5,56.3,10.2,7.3,.554,17.3,19.8,.215
161,Loyola Marymount,34,22,12,.647,2.93,0.90,8,8,12,4,8,7,2278,2125,,65.2,102.8,.358,.283,.541,52.2,56.3,11.3,10.5,.499,16.8,29.7,.267
162,Loyola (MD),32,11,21,.344,-9.13,-4.60,7,11,7,5,3,16,2332,2477,,70.4,102.4,.336,.336,.548,48.3,53.2,12.2,6.2,.516,17.3,27.3,.239
163,Maine,32,5,27,.156,-15.11,-4.21,3,13,3,9,2,18,1988,2271,,64.6,94.0,.262,.374,.512,48.8,63.1,11.3,10.8,.490,19.1,26.2,.170
164,Manhattan,32,11,21,.344,-12.89,-7.32,8,10,4,9,4,11,1833,2011,,62.8,90.9,.332,.411,.492,49.0,55.3,11.0,8.9,.473,20.7,29.5,.194
165,Marist,31,12,19,.387,-9.49,-7.53,7,11,4,7,6,11,2086,2147,,65.6,101.8,.322,.410,.549,48.8,51.0,8.4,6.2,.523,16.9,24.2,.220
166,Marquette NCAA,34,24,10,.706,14.78,6.96,12,6,16,3,6,4,2629,2363,,70.7,108.2,.351,.417,.572,53.0,51.1,6.9,11.2,.535,16.9,29.1,.266
167,Marshall,37,23,14,.622,-0.64,-0.61,11,7,16,3,6,10,2978,2979,,76.3,104.5,.305,.447,.549,44.8,50.3,11.7,11.2,.519,14.3,22.2,.221
168,Maryland-Baltimore County,34,21,13,.618,-5.85,-5.85,11,5,13,4,6,8,2296,2177,,65.8,99.7,.303,.426,.530,50.3,55.2,11.6,9.2,.502,16.5,25.5,.209
169,Maryland-Eastern Shore,32,7,25,.219,-24.21,-7.91,5,11,5,7,2,17,1833,2291,,65.5,87.1,.287,.358,.473,45.4,54.2,8.8,7.3,.441,18.2,23.5,.193
170,Maryland NCAA,34,23,11,.676,16.01,10.09,13,7,15,3,6,5,2429,2228,,66.6,107.3,.328,.370,.550,56.0,52.1,6.5,13.4,.514,16.5,34.0,.244
171,Massachusetts-Lowell,32,15,17,.469,-8.28,-6.95,7,9,8,5,5,12,2456,2420,,71.9,106.0,.345,.389,.570,49.8,57.1,7.8,6.8,.539,17.2,27.2,.248
172,Massachusetts,32,11,21,.344,-3.02,-0.18,4,14,9,8,1,11,2263,2354,,68.4,102.6,.313,.400,.538,52.0,57.9,7.0,8.0,.511,17.5,31.3,.214
173,McNeese State,31,9,22,.290,-14.41,-6.15,5,13,7,8,2,14,2149,2303,,68.4,100.9,.386,.327,.542,50.6,56.4,6.9,8.8,.504,18.5,30.4,.275
174,Memphis,36,22,14,.611,10.70,5.09,11,7,17,2,3,8,2882,2680,,75.5,105.3,.373,.361,.547,51.2,54.6,10.5,11.0,.511,17.0,32.9,.266
175,Mercer,31,11,20,.355,-2.86,-0.24,6,12,9,6,2,12,2248,2246,,69.1,104.5,.371,.380,.547,49.2,49.9,9.6,8.5,.516,16.5,29.1,.255
176,Miami (FL),32,14,18,.438,9.39,8.70,5,13,11,5,0,10,2297,2275,,68.5,104.3,.308,.435,.541,47.7,51.3,9.6,8.7,.507,14.9,25.8,.226
177,Miami (OH),32,15,17,.469,0.77,2.31,7,11,10,5,4,10,2267,2233,,68.8,102.6,.339,.450,.529,52.0,44.9,8.8,8.1,.494,16.1,29.8,.240
178,Michigan State NCAA,39,32,7,.821,24.93,12.34,16,4,15,1,8,4,3025,2534,,68.1,113.1,.336,.378,.585,56.1,66.8,7.5,13.7,.552,16.0,33.2,.253
179,Michigan NCAA,37,30,7,.811,21.82,10.55,15,5,17,1,7,4,2575,2158,,65.4,106.5,.275,.399,.542,50.7,54.4,9.3,10.3,.516,12.3,23.9,.193
180,Middle Tennessee,32,11,21,.344,-6.09,1.44,8,10,9,5,2,11,2141,2313,,70.3,95.2,.297,.350,.505,52.3,45.2,8.5,7.6,.476,19.5,32.1,.201
181,Milwaukee,31,9,22,.290,-8.90,-2.50,4,14,6,8,3,12,2146,2315,,68.9,100.0,.279,.380,.521,49.3,46.5,6.8,9.4,.485,15.6,26.0,.208
182,Minnesota NCAA,36,22,14,.611,12.52,11.27,9,11,14,3,2,9,2543,2498,,67.9,103.7,.416,.296,.521,51.2,59.0,7.1,10.1,.482,14.6,30.9,.283
183,Mississippi State NCAA,34,23,11,.676,15.96,9.07,10,8,14,3,5,5,2628,2394,,68.6,111.9,.326,.391,.574,52.8,51.4,11.7,14.0,.546,16.5,34.6,.234
184,Mississippi Valley State,32,6,26,.188,-22.47,-6.99,4,14,6,6,0,20,2058,2498,,70.6,90.7,.336,.288,.461,47.6,49.5,7.8,5.8,.424,15.7,28.9,.222
185,Mississippi NCAA,33,20,13,.606,12.32,8.13,10,8,11,5,6,5,2485,2347,,69.2,108.4,.309,.399,.568,51.1,54.2,10.2,9.6,.531,16.0,30.1,.242
186,Missouri-Kansas City,32,11,21,.344,-6.61,-1.55,6,10,8,5,3,13,2220,2341,,68.6,100.3,.329,.406,.535,45.4,45.3,10.5,8.0,.504,15.9,23.7,.230
187,Missouri State,32,16,16,.500,-1.20,-1.03,10,8,11,4,5,9,2206,2157,,66.5,103.2,.366,.379,.548,49.7,45.7,10.3,12.1,.517,16.1,26.1,.253
188,Missouri,32,15,17,.469,8.60,9.16,5,13,9,7,2,8,2150,2168,,66.1,100.9,.298,.412,.534,52.8,46.7,7.0,5.2,.505,18.2,31.8,.210
189,Monmouth,35,14,21,.400,-10.66,-4.83,10,8,6,6,5,11,2286,2490,,68.5,94.1,.404,.295,.501,50.0,47.7,9.8,11.1,.458,18.0,29.1,.277
190,Montana State,32,15,17,.469,-7.91,-5.81,11,9,9,4,4,12,2502,2552,,71.6,109.2,.346,.435,.571,49.6,57.2,7.4,4.3,.537,15.2,26.1,.255
191,Montana NCAA,35,26,9,.743,1.50,-5.05,16,4,12,2,9,5,2665,2397,,68.6,110.6,.313,.385,.585,51.8,52.3,9.5,8.8,.564,15.4,26.6,.216
192,Morehead State,33,13,20,.394,-7.73,-1.76,8,10,7,7,4,11,2431,2543,,70.6,103.2,.328,.382,.528,48.8,51.5,7.9,10.8,.494,14.9,29.0,.231
193,Morgan State,30,9,21,.300,-15.98,-10.70,4,12,6,7,2,13,2161,2304,,73.9,96.7,.348,.271,.483,47.2,47.8,10.3,4.4,.439,15.2,31.8,.248
194,Mount St. Mary's,31,9,22,.290,-14.57,-6.02,6,12,4,9,5,13,2092,2286,,69.5,97.1,.338,.412,.513,47.4,48.3,6.8,9.7,.481,16.8,26.4,.230
195,Murray State NCAA,33,28,5,.848,8.96,-3.11,16,2,15,1,10,3,2727,2255,,71.8,115.1,.335,.364,.586,52.1,59.8,10.5,11.5,.557,14.7,31.3,.246
196,Navy,31,12,19,.387,-10.09,-4.00,8,10,8,6,4,13,2061,2250,,68.3,97.3,.305,.368,.504,52.4,54.5,7.9,5.7,.468,17.6,31.5,.218
197,Omaha,32,21,11,.656,-2.32,-3.39,13,3,10,2,9,8,2523,2454,,70.0,111.7,.237,.360,.568,49.2,43.1,8.0,5.7,.546,12.0,24.9,.171
198,Nebraska,36,19,17,.528,14.85,11.31,6,14,13,5,2,10,2586,2421,,67.2,106.5,.325,.375,.525,48.5,50.9,10.7,11.1,.493,12.3,28.6,.227
199,Nevada-Las Vegas,31,17,14,.548,1.58,0.48,11,7,10,6,6,5,2276,2242,,69.0,105.5,.349,.402,.527,53.3,50.7,8.5,9.6,.495,15.7,35.1,.239
200,Nevada NCAA,34,29,5,.853,16.00,2.68,15,3,15,0,9,3,2723,2270,,70.7,113.2,.408,.428,.570,51.8,53.9,8.8,11.2,.537,12.9,27.1,.289
201,New Hampshire,29,5,24,.172,-18.66,-6.03,3,13,4,10,1,14,1742,1990,,67.1,89.5,.232,.475,.474,47.7,52.2,6.0,5.5,.455,16.2,23.2,.142
202,New Mexico State NCAA,35,30,5,.857,10.05,-2.38,15,1,16,1,10,1,2734,2259,,68.3,113.9,.341,.467,.562,57.2,53.4,8.2,8.1,.538,14.7,36.7,.231
203,New Mexico,32,14,18,.438,-0.55,1.61,7,11,9,7,4,9,2443,2454,,74.5,102.5,.387,.438,.536,50.2,54.8,9.2,8.4,.498,16.6,28.7,.271
204,New Orleans,33,19,14,.576,-8.88,-6.47,12,6,12,4,5,9,2384,2325,,71.1,99.7,.351,.292,.526,49.7,57.7,11.9,10.9,.493,18.6,32.9,.243
205,Niagara,32,13,19,.406,-11.33,-7.77,6,12,8,8,5,10,2318,2432,,70.4,102.6,.333,.391,.530,49.8,43.1,5.7,10.4,.492,15.1,26.6,.245
206,Nicholls State,31,14,17,.452,-11.87,-6.98,7,11,9,4,3,13,2260,2302,,71.2,101.6,.218,.461,.535,45.7,53.0,9.3,10.4,.506,15.4,24.3,.168
207,NJIT,35,22,13,.629,-3.63,-4.74,8,8,11,5,11,8,2472,2401,,69.2,101.4,.383,.373,.547,48.6,44.3,9.1,7.4,.508,15.7,21.3,.276
208,Norfolk State,36,22,14,.611,-8.04,-8.74,14,2,11,2,9,8,2652,2503,,71.8,101.3,.386,.370,.539,50.2,50.8,8.4,13.0,.501,17.5,28.1,.274
209,North Alabama,32,10,22,.313,-11.00,-1.69,7,9,8,4,2,18,2145,2358,,71.1,94.0,.323,.421,.486,49.4,44.9,9.2,6.5,.451,16.5,27.5,.218
210,North Carolina-Asheville,31,4,27,.129,-19.81,-2.35,2,14,3,10,1,15,1857,2313,,64.2,92.9,.269,.422,.506,46.5,50.5,9.8,9.0,.471,19.9,29.1,.199
211,North Carolina A&T,32,19,13,.594,-11.24,-9.88,13,3,11,2,7,10,2241,2209,,67.9,102.3,.305,.361,.545,47.8,54.8,9.8,9.2,.522,16.9,27.4,.203
212,North Carolina Central NCAA,34,18,16,.529,-11.53,-11.24,10,6,10,2,4,12,2429,2266,,68.5,104.0,.334,.361,.545,54.8,60.2,8.9,7.5,.512,18.8,35.1,.239
213,North Carolina-Greensboro,36,29,7,.806,4.08,-0.90,15,3,15,2,11,4,2738,2443,,69.9,108.5,.305,.375,.548,50.7,45.4,12.5,11.5,.521,14.5,31.4,.212
214,North Carolina State,36,24,12,.667,14.94,6.22,9,9,17,5,4,6,2882,2568,,71.8,110.7,.285,.358,.547,53.0,50.8,9.9,10.3,.520,14.6,35.8,.202
215,North Carolina-Wilmington,33,10,23,.303,-8.10,-2.04,5,13,5,9,2,12,2515,2670,,70.2,107.3,.339,.375,.545,52.4,56.3,6.4,6.0,.509,15.9,32.2,.248
216,North Carolina NCAA,36,29,7,.806,23.94,11.35,16,2,14,2,11,1,3089,2636,,75.9,112.7,.302,.358,.560,56.6,60.6,9.2,9.5,.529,14.6,34.8,.224
217,North Dakota State NCAA,35,19,16,.543,-4.01,-2.07,9,7,10,3,4,9,2556,2541,,66.8,108.5,.318,.472,.576,48.7,46.0,6.8,6.6,.540,14.2,20.6,.247
218,North Dakota,30,12,18,.400,-8.78,-3.55,6,10,8,6,4,11,2220,2196,,71.5,103.5,.272,.365,.555,48.9,48.4,8.0,7.3,.532,16.0,22.6,.189
219,North Florida,33,16,17,.485,-3.47,-0.70,9,7,10,3,5,13,2485,2531,,74.0,101.3,.268,.445,.547,49.8,57.6,8.6,10.8,.524,19.1,30.3,.185
220,North Texas,33,21,12,.636,-0.25,-3.48,8,10,12,4,6,7,2302,2077,,67.5,103.0,.279,.439,.532,53.2,51.5,9.4,7.9,.509,17.0,31.5,.186
221,Northeastern NCAA,34,23,11,.676,3.95,-0.70,14,4,11,2,8,6,2564,2406,,66.3,111.7,.343,.464,.597,49.7,54.5,9.2,6.0,.565,15.1,22.5,.258
222,Northern Arizona,31,10,21,.323,-10.75,-6.23,8,12,5,7,5,13,2262,2402,,70.0,103.4,.338,.412,.536,48.7,48.5,9.0,6.3,.503,15.0,25.7,.238
223,Northern Colorado,32,21,11,.656,-3.92,-6.76,15,5,10,3,11,5,2450,2229,,68.7,110.1,.345,.462,.573,52.1,49.7,7.9,8.0,.546,15.7,28.6,.242
224,Northern Illinois,34,17,17,.500,2.58,1.11,8,10,10,6,5,9,2506,2413,,68.4,106.5,.272,.322,.556,50.9,39.8,8.0,7.2,.529,15.2,26.6,.199
225,Northern Iowa,34,16,18,.471,-1.54,0.62,9,9,9,5,3,9,2215,2230,,65.8,99.0,.291,.429,.527,50.0,48.1,7.4,6.7,.491,15.8,23.1,.217
226,Northern Kentucky NCAA,35,26,9,.743,4.67,-2.39,13,5,17,1,7,7,2747,2410,,70.0,111.3,.354,.412,.574,53.2,60.5,8.8,11.5,.553,15.6,30.6,.236
227,Northwestern State,31,11,20,.355,-17.06,-5.99,6,12,8,7,3,13,2051,2280,,70.7,92.8,.337,.361,.494,47.8,46.9,8.7,12.1,.458,19.3,29.9,.230
228,Northwestern,32,13,19,.406,9.97,9.16,4,16,10,8,1,9,2108,2082,,66.8,97.8,.302,.407,.505,48.4,61.4,8.2,11.1,.466,14.3,24.3,.222
229,Notre Dame,33,14,19,.424,7.97,8.28,3,15,11,8,1,9,2266,2276,,66.4,103.3,.301,.437,.502,48.4,54.5,8.2,11.7,.462,11.9,29.0,.224
230,Oakland,33,16,17,.485,-2.27,-1.48,11,7,10,6,6,10,2534,2515,,69.9,109.4,.357,.439,.583,47.4,67.1,8.2,7.8,.549,16.4,25.2,.265
231,Ohio State NCAA,35,20,15,.571,13.89,11.00,8,12,12,6,4,7,2419,2318,,66.7,103.2,.337,.401,.540,50.9,58.9,8.8,7.0,.503,16.4,27.6,.247
232,Ohio,31,14,17,.452,-1.84,3.16,6,12,11,5,3,10,2174,2288,,71.5,96.9,.328,.344,.512,50.8,56.2,8.9,10.1,.488,17.4,29.0,.207
233,Oklahoma State,32,12,20,.375,8.09,11.53,5,13,8,7,2,10,2178,2288,,67.1,101.0,.306,.419,.529,48.6,55.5,8.5,13.1,.501,15.8,26.4,.210
234,Oklahoma NCAA,34,20,14,.588,15.30,12.21,7,11,11,4,5,7,2423,2318,,69.3,102.5,.313,.331,.534,50.2,48.7,8.6,8.3,.504,15.0,25.6,.218
235,Old Dominion NCAA,35,26,9,.743,3.74,-1.18,13,5,14,2,8,4,2300,2128,,65.6,100.2,.289,.373,.499,53.2,53.3,8.6,14.3,.471,15.0,31.8,.192
236,Oral Roberts,32,11,21,.344,-9.34,-1.91,7,9,7,6,3,13,2314,2483,,69.1,104.2,.263,.392,.549,52.1,50.8,6.8,9.4,.527,17.5,30.3,.181
237,Oregon State,31,18,13,.581,7.84,4.29,10,8,10,5,6,5,2275,2165,,67.2,108.3,.368,.366,.560,51.7,58.1,8.8,14.9,.522,15.9,30.6,.273
238,Oregon NCAA,38,25,13,.658,13.95,6.13,10,8,13,4,5,7,2661,2364,,65.5,106.2,.294,.395,.549,51.1,52.3,11.6,14.6,.520,15.4,29.1,.212
239,Pacific,32,14,18,.438,-2.46,1.97,4,12,9,7,5,10,2138,2241,,66.7,99.4,.415,.337,.531,51.1,45.8,9.3,5.0,.481,17.4,27.0,.309
240,Penn State,32,14,18,.438,12.55,11.51,7,13,9,6,3,9,2229,2196,,68.2,101.0,.323,.365,.509,51.6,49.2,11.1,10.4,.475,15.4,31.6,.224
241,Pennsylvania,31,19,12,.613,2.04,-0.76,7,7,10,4,8,5,2250,2117,,69.1,102.9,.282,.444,.548,49.8,56.6,9.6,6.1,.531,16.1,24.7,.180
242,Pepperdine,34,16,18,.471,0.90,0.63,6,10,9,5,2,11,2572,2529,,70.7,106.3,.357,.420,.564,47.4,55.4,9.5,8.2,.524,15.9,24.9,.271
243,Pittsburgh,33,14,19,.424,7.88,6.69,3,15,11,7,0,11,2306,2267,,68.6,101.1,.423,.369,.521,50.0,50.3,10.0,11.1,.479,16.8,32.1,.295
244,Portland State,32,16,16,.500,-8.95,-5.78,11,9,12,4,3,10,2475,2404,,72.2,106.3,.371,.381,.522,54.7,50.7,11.3,11.5,.483,15.9,38.8,.260
245,Portland,32,7,25,.219,-10.80,0.51,0,16,6,11,1,12,2078,2389,,68.4,94.2,.391,.389,.513,46.3,52.2,7.9,11.1,.477,17.3,21.1,.262
246,Prairie View NCAA,35,22,13,.629,-7.29,-9.17,17,1,11,0,9,12,2627,2547,,72.5,103.5,.425,.341,.530,46.7,49.3,12.2,4.6,.493,15.2,29.8,.289
247,Presbyterian,36,20,16,.556,-3.56,-5.35,9,7,12,3,8,12,2817,2610,,69.6,112.0,.313,.481,.570,49.4,58.5,8.5,5.8,.541,12.7,25.3,.228
248,Princeton,28,16,12,.571,-3.43,-0.89,8,6,7,5,8,6,1948,1951,,69.8,98.4,.301,.408,.511,50.4,43.1,8.5,6.9,.473,15.7,26.3,.223
249,Providence,34,18,16,.529,8.29,6.71,7,11,11,7,5,6,2428,2374,,68.8,101.9,.391,.350,.519,51.1,58.8,10.6,11.3,.480,16.0,31.7,.270
250,Purdue NCAA,36,26,10,.722,21.40,11.99,16,4,15,0,6,6,2760,2421,,66.1,114.4,.299,.455,.563,53.7,53.6,9.1,12.6,.536,13.5,33.8,.215
251,Quinnipiac,31,16,15,.516,-6.78,-8.03,11,7,7,7,9,6,2294,2255,,67.6,106.9,.373,.534,.563,50.8,53.2,7.4,5.2,.528,16.9,29.2,.271
252,Radford,33,22,11,.667,1.28,-1.95,12,4,11,3,9,7,2440,2247,,66.5,110.4,.266,.388,.559,52.7,52.3,8.9,10.1,.534,14.1,29.9,.190
253,Rhode Island,33,18,15,.545,2.83,1.19,9,9,9,5,5,7,2293,2239,,68.2,100.8,.368,.321,.510,51.2,48.8,10.3,11.4,.474,15.3,31.2,.250
254,Rice,32,13,19,.406,-6.56,-2.06,8,10,9,7,4,11,2367,2481,,71.8,101.1,.390,.427,.535,51.2,53.5,7.3,8.6,.500,16.5,26.5,.268
255,Richmond,33,13,20,.394,-1.37,-0.79,6,12,7,10,4,7,2314,2333,,66.6,105.3,.307,.402,.561,44.9,61.1,11.3,8.8,.541,14.0,18.7,.203
256,Rider,31,16,15,.516,-4.96,-6.51,11,7,9,3,6,10,2381,2333,,74.1,103.2,.399,.344,.529,50.4,53.1,12.2,10.1,.506,15.6,30.3,.246
257,Robert Morris,35,18,17,.514,-9.41,-7.62,11,7,13,4,5,13,2448,2403,,68.2,101.1,.320,.396,.534,50.5,56.6,10.6,8.1,.503,18.1,30.4,.224
258,Rutgers,31,14,17,.452,8.89,9.76,7,13,10,7,4,9,2105,2132,,68.1,99.0,.317,.332,.497,52.8,50.6,9.4,11.3,.470,16.1,33.4,.202
259,Sacramento State,31,15,16,.484,-8.78,-6.78,8,12,9,5,4,10,2197,2155,,69.4,101.2,.329,.293,.528,50.0,53.5,11.0,10.0,.496,16.3,28.3,.228
260,Sacred Heart,32,15,17,.469,-7.88,-8.11,11,7,10,3,4,13,2558,2509,,74.0,107.6,.375,.354,.564,53.1,53.2,7.2,10.8,.523,17.0,31.3,.283
261,Saint Francis (PA),33,18,15,.545,-8.74,-6.16,12,6,12,4,6,11,2517,2510,,70.8,107.7,.343,.356,.532,52.0,46.7,9.5,7.9,.497,14.5,34.2,.242
262,Saint Joseph's,33,14,19,.424,-0.43,1.66,6,12,10,5,2,11,2328,2397,,68.8,102.2,.317,.447,.521,48.3,50.1,8.2,10.1,.480,12.0,21.5,.238
263,Saint Louis NCAA,36,23,13,.639,5.06,2.23,10,8,15,2,4,8,2399,2297,,67.0,99.4,.394,.329,.492,54.5,53.8,10.5,11.9,.467,16.0,35.7,.236
264,Saint Mary's (CA) NCAA,34,22,12,.647,12.58,4.40,11,5,14,3,5,5,2463,2185,,64.3,112.2,.291,.352,.568,54.4,37.9,9.2,6.9,.538,14.1,30.8,.216
265,Saint Peter's,32,10,22,.313,-12.15,-6.40,6,12,7,7,2,14,2012,2196,,64.3,95.9,.348,.346,.527,50.9,42.6,8.2,17.7,.487,20.4,29.2,.253
266,Sam Houston State,33,21,12,.636,-3.17,-5.84,16,2,12,2,8,9,2476,2307,,68.6,107.3,.258,.418,.549,51.3,62.4,10.5,8.9,.519,15.5,31.0,.194
267,Samford,33,17,16,.515,0.69,-2.03,6,12,11,6,5,9,2583,2487,,71.2,107.1,.341,.352,.570,50.3,50.1,9.9,10.9,.537,17.0,28.1,.250
268,San Diego State,34,21,13,.618,5.29,2.47,11,7,14,3,4,7,2437,2291,,68.9,104.1,.350,.372,.539,51.2,57.6,8.4,10.1,.503,15.8,29.4,.251
269,San Diego,36,21,15,.583,6.12,3.61,7,9,12,4,5,9,2591,2455,,68.0,104.4,.320,.404,.562,51.9,56.5,8.2,8.4,.527,16.8,24.7,.239
270,San Francisco,31,21,10,.677,8.56,1.13,9,7,13,3,6,5,2358,2101,,67.3,112.1,.307,.393,.556,52.2,50.8,8.9,8.9,.536,13.1,30.8,.201
271,San Jose State,31,4,27,.129,-16.37,0.59,1,17,4,11,0,12,2042,2534,,71.3,91.7,.351,.363,.496,49.7,59.3,5.9,5.1,.463,19.0,27.9,.230
272,Santa Clara,31,16,15,.516,-1.91,0.92,8,8,11,6,4,6,2115,2172,,67.4,100.0,.343,.401,.550,49.2,56.6,6.9,9.5,.517,18.4,24.3,.246
273,Savannah State,31,11,20,.355,-20.51,-9.04,8,8,6,5,4,14,2360,2694,,78.1,97.0,.255,.576,.506,46.2,56.0,9.6,7.9,.481,17.0,28.2,.173
274,Seattle,33,18,15,.545,-1.47,-3.85,6,10,12,6,4,8,2420,2283,,69.7,104.4,.343,.330,.535,52.3,45.3,6.1,9.3,.499,15.1,29.5,.246
275,Seton Hall NCAA,34,20,14,.588,10.25,8.34,9,9,11,4,3,8,2508,2443,,70.1,104.1,.345,.367,.533,50.0,51.7,9.8,11.2,.499,15.2,29.6,.243
276,Siena,33,17,16,.515,-7.90,-6.47,11,7,7,7,8,7,2131,2178,,61.5,103.1,.247,.477,.536,46.8,53.8,9.2,8.3,.515,13.9,23.2,.168
277,South Alabama,34,17,17,.500,-4.46,-2.71,8,10,13,6,3,10,2478,2465,,68.9,104.6,.355,.404,.563,47.6,54.3,8.5,11.5,.536,17.2,25.6,.244
278,South Carolina State,34,8,26,.235,-16.86,-8.30,5,11,5,6,2,19,2388,2593,,69.2,100.3,.408,.308,.529,50.6,47.6,7.0,5.4,.480,17.9,32.2,.303
279,South Carolina Upstate,32,6,26,.188,-15.30,-4.27,1,16,5,9,1,15,2169,2395,,69.4,96.9,.263,.436,.515,46.7,56.0,9.2,8.1,.486,17.3,26.2,.187
280,South Carolina,32,16,16,.500,8.34,9.63,11,7,11,6,4,8,2327,2316,,71.2,101.7,.364,.347,.520,49.9,51.2,8.8,12.7,.486,16.2,32.0,.248
281,South Dakota State,33,24,9,.727,5.92,-4.74,14,2,14,1,7,6,2789,2425,,72.8,116.1,.323,.408,.615,53.3,49.7,8.4,6.0,.584,14.6,23.7,.251
282,South Dakota,30,13,17,.433,-5.52,-3.06,7,9,8,6,4,8,2118,2136,,68.1,103.3,.352,.400,.545,47.9,52.4,8.0,6.4,.506,14.3,22.0,.260
283,South Florida,38,24,14,.632,5.96,1.69,8,10,18,5,5,7,2752,2553,,69.5,101.9,.480,.386,.529,54.7,57.2,11.3,9.7,.494,18.8,35.7,.310
284,Southeast Missouri State,31,10,21,.323,-11.32,-4.39,5,13,6,8,2,13,2216,2378,,70.2,99.8,.287,.397,.539,48.8,50.5,8.2,6.9,.514,17.9,25.7,.198
285,Southeastern Louisiana,33,17,16,.515,-7.59,-6.30,12,6,9,5,7,9,2224,2228,,67.6,99.6,.369,.401,.545,52.2,59.1,9.6,7.1,.509,20.8,32.5,.265
286,Southern California,33,16,17,.485,8.23,4.96,8,10,12,5,2,9,2518,2410,,71.0,105.8,.276,.360,.546,48.7,57.2,8.5,9.4,.528,14.5,26.9,.178
287,SIU Edwardsville,31,10,21,.323,-14.47,-5.06,6,12,7,8,2,11,2265,2520,,71.9,98.4,.357,.350,.510,48.2,48.1,8.6,6.1,.471,16.5,28.7,.251
288,Southern Illinois,32,17,15,.531,1.39,-0.17,10,8,9,6,7,7,2194,2144,,66.8,102.7,.320,.331,.554,50.8,54.6,9.9,11.7,.528,18.4,28.6,.219
289,Southern Methodist,32,15,17,.469,5.81,4.12,6,12,10,8,3,7,2303,2249,,66.5,108.2,.278,.410,.540,50.9,52.9,8.9,11.3,.512,14.1,32.6,.199
290,Southern Mississippi,33,20,13,.606,2.58,-0.83,11,7,11,3,7,7,2392,2160,,67.4,106.8,.253,.369,.553,50.1,61.5,11.3,11.0,.537,13.8,24.3,.166
291,Southern Utah,34,17,17,.500,-8.91,-6.22,9,11,11,4,4,12,2573,2566,,73.5,101.5,.379,.400,.546,50.2,48.4,7.9,9.1,.509,16.5,23.2,.270
292,Southern,32,7,25,.219,-16.79,-7.37,6,12,6,5,1,18,2077,2360,,68.3,94.6,.344,.318,.522,47.9,49.5,9.8,8.1,.492,20.4,29.4,.230
293,St. Bonaventure,34,18,16,.529,3.34,0.25,12,6,9,5,6,7,2250,2145,,65.1,99.8,.282,.332,.518,50.6,50.8,8.8,15.4,.483,16.2,28.9,.209
294,St. Francis (NY),33,17,16,.515,-10.19,-8.45,9,9,11,3,6,12,2345,2320,,70.6,100.3,.292,.405,.518,49.1,46.0,8.3,10.6,.491,15.4,27.4,.198
295,St. John's (NY) NCAA,34,21,13,.618,7.88,5.50,8,10,11,4,4,7,2623,2542,,72.6,105.0,.295,.385,.548,45.8,50.0,12.1,9.8,.518,13.0,21.4,.212
296,Stanford,31,15,16,.484,6.03,5.13,8,10,10,4,4,9,2255,2227,,71.8,100.8,.361,.366,.540,51.4,48.5,8.3,10.7,.511,18.3,29.8,.242
297,Stephen F. Austin,30,14,16,.467,-10.99,-5.92,7,11,10,6,3,9,2105,2161,,69.8,99.7,.358,.347,.530,49.0,46.7,9.1,11.9,.499,18.2,30.3,.244
298,Stetson,31,7,24,.226,-15.01,-3.46,3,13,7,8,0,16,2151,2429,,71.6,96.5,.256,.349,.489,47.8,52.6,9.4,8.5,.459,15.2,29.0,.177
299,Stony Brook,33,24,9,.727,-2.10,-6.48,12,4,10,4,13,4,2364,2188,,69.9,101.4,.359,.369,.521,54.2,45.6,9.0,13.0,.481,17.4,33.4,.259
300,Syracuse NCAA,34,20,14,.588,13.73,10.09,10,8,13,6,6,4,2370,2246,,67.2,103.4,.368,.432,.529,48.4,50.5,12.1,16.8,.496,15.9,30.0,.252
301,Temple NCAA,33,23,10,.697,8.17,4.93,13,5,13,2,8,5,2465,2358,,70.5,104.4,.325,.374,.534,48.2,54.5,12.0,6.2,.499,13.8,26.1,.236
302,Tennessee-Martin,31,12,19,.387,-10.94,-4.32,6,12,10,4,1,14,2356,2486,,71.2,105.9,.276,.379,.544,48.6,51.6,10.0,7.9,.511,16.2,31.3,.208
303,Tennessee State,30,9,21,.300,-11.62,-3.15,6,12,6,7,3,14,2182,2332,,73.1,98.6,.361,.412,.536,50.0,45.5,9.9,7.5,.501,19.6,29.3,.253
304,Tennessee Tech,31,8,23,.258,-14.76,-3.00,4,14,5,10,3,13,2104,2350,,72.9,92.4,.362,.348,.503,48.3,52.4,9.9,11.1,.476,19.8,28.4,.228
305,Tennessee NCAA,37,31,6,.838,21.55,10.16,15,3,18,0,7,3,3035,2580,,69.4,116.2,.333,.320,.587,52.3,59.7,8.5,15.2,.554,13.7,30.9,.251
306,Texas A&M-Corpus Christi,32,14,18,.438,-9.11,-5.68,9,9,9,7,5,9,2126,2124,,67.3,97.9,.300,.344,.516,52.6,54.7,9.1,9.0,.485,18.1,31.4,.209
307,Texas A&M,32,14,18,.438,7.21,8.59,6,12,9,8,3,7,2253,2297,,69.4,101.5,.343,.360,.526,50.7,46.7,9.7,12.7,.493,17.2,32.7,.237
308,Texas-Arlington,33,17,16,.515,-0.50,0.84,12,6,9,5,7,10,2284,2303,,69.0,98.5,.345,.405,.514,51.6,53.9,9.1,8.3,.471,17.4,31.0,.256
309,Texas Christian,37,23,14,.622,13.81,9.60,7,11,15,5,3,7,2730,2574,,69.4,104.9,.317,.375,.547,51.7,60.4,9.8,11.5,.521,16.7,30.9,.216
310,Texas-El Paso,29,8,21,.276,-8.23,-1.71,3,15,8,8,0,13,1859,2001,,70.0,90.9,.363,.389,.498,50.4,48.0,6.6,7.9,.464,20.0,27.3,.240
311,Texas-Rio Grande Valley,37,20,17,.541,-2.04,-1.61,9,7,11,9,8,7,2634,2623,,71.9,98.4,.432,.297,.511,45.8,56.2,12.9,8.0,.466,15.5,25.9,.300
312,Texas-San Antonio,32,17,15,.531,0.69,0.05,11,7,11,4,5,7,2481,2407,,74.0,103.5,.259,.413,.534,49.2,46.9,8.9,6.9,.504,14.8,25.8,.191
313,Texas Southern,38,24,14,.632,-5.55,-6.99,14,4,10,2,13,11,3102,3008,,76.3,104.9,.415,.358,.545,50.7,54.6,10.4,7.3,.513,17.1,31.6,.277
314,Texas State,34,24,10,.706,1.54,-3.00,12,6,11,4,10,5,2470,2204,,68.5,105.3,.352,.377,.537,54.3,56.3,10.0,7.7,.506,16.5,33.7,.240
315,Texas Tech NCAA,38,31,7,.816,22.79,9.53,14,4,17,1,6,3,2765,2261,,67.6,106.9,.329,.360,.567,50.8,52.3,10.7,15.4,.535,15.8,26.3,.241
316,Texas,37,21,16,.568,16.06,11.46,8,10,15,6,2,8,2628,2458,,66.4,105.9,.297,.435,.537,49.3,52.3,9.1,11.4,.509,14.1,27.8,.207
317,Toledo,33,25,8,.758,8.21,0.71,13,5,14,2,8,5,2537,2256,,69.7,109.4,.267,.432,.566,52.5,59.7,7.3,11.5,.534,15.2,28.2,.206
318,Towson,32,10,22,.313,-8.44,-3.57,6,12,5,8,4,8,2170,2294,,64.5,102.7,.286,.296,.514,53.7,39.4,7.3,9.7,.484,15.6,34.6,.199
319,Troy,30,12,18,.400,-6.12,-1.01,5,13,8,8,4,10,2179,2242,,69.6,103.6,.320,.410,.550,48.8,50.7,8.1,12.3,.518,17.1,27.1,.231
320,Tulane,31,4,27,.129,-6.72,3.63,0,18,3,12,0,11,2082,2403,,72.0,93.4,.328,.376,.505,48.6,60.6,6.6,9.1,.471,18.5,26.2,.226
321,Tulsa,32,18,14,.563,4.65,3.86,8,10,14,3,3,8,2296,2271,,69.9,101.9,.434,.376,.550,48.7,55.4,7.8,7.0,.512,16.2,22.5,.301
322,UCLA,33,17,16,.515,7.17,6.78,9,9,13,5,3,7,2580,2567,,73.7,105.0,.382,.358,.543,52.8,51.4,7.9,10.7,.520,16.4,30.8,.242
323,Utah State NCAA,35,28,7,.800,11.98,0.89,15,3,14,1,9,4,2753,2349,,70.0,111.5,.367,.379,.575,56.2,62.4,8.7,12.2,.538,15.8,31.9,.274
324,Utah Valley,35,25,10,.714,3.00,-2.30,12,4,14,1,8,8,2697,2474,,70.4,109.5,.396,.384,.588,53.1,52.0,8.2,6.7,.555,17.5,28.3,.287
325,Utah,31,17,14,.548,6.13,5.10,11,7,10,5,6,5,2343,2311,,67.9,110.9,.355,.465,.578,52.3,54.7,6.8,7.0,.550,16.8,30.7,.251
326,Valparaiso,33,15,18,.455,-3.38,-1.00,7,11,8,7,5,8,2205,2187,,66.4,99.5,.334,.328,.534,50.8,53.7,9.1,8.6,.502,17.5,27.0,.233
327,Vanderbilt,32,9,23,.281,3.57,7.79,0,18,8,10,1,10,2180,2315,,68.9,98.5,.406,.422,.522,50.1,50.4,7.0,10.4,.486,17.9,28.9,.273
328,Vermont NCAA,34,27,7,.794,4.88,-4.18,14,2,16,2,11,4,2508,2143,,66.5,110.2,.359,.403,.568,53.2,46.2,8.3,11.9,.530,14.6,27.3,.269
329,Villanova NCAA,36,26,10,.722,14.33,7.97,13,5,13,2,5,6,2654,2425,,65.0,112.2,.344,.535,.565,51.3,56.9,8.2,8.7,.532,14.2,30.1,.251
330,Virginia Commonwealth NCAA,33,25,8,.758,11.96,2.87,16,2,16,1,8,4,2344,2044,,69.0,102.1,.357,.412,.535,50.8,54.9,11.5,12.2,.501,17.3,31.0,.251
331,VMI,32,11,21,.344,-10.50,0.09,4,14,8,7,2,13,2433,2617,,73.5,102.6,.294,.455,.541,47.2,52.4,9.1,5.1,.509,14.8,23.0,.215
332,Virginia Tech NCAA,35,26,9,.743,19.28,7.79,12,6,14,2,5,5,2574,2172,,64.4,113.3,.319,.437,.588,51.9,59.5,10.4,8.4,.556,15.2,29.2,.243
333,Virginia NCAA,38,35,3,.921,25.46,10.15,16,2,15,1,10,1,2714,2132,,60.8,116.3,.291,.395,.580,53.9,55.9,9.0,13.0,.552,12.8,29.7,.216
334,Wagner,30,13,17,.433,-12.99,-7.63,8,10,7,7,6,10,1974,2044,,66.4,98.7,.339,.456,.501,52.0,53.6,9.2,12.0,.456,17.4,33.9,.252
335,Wake Forest,31,11,20,.355,1.21,8.47,4,14,8,8,1,10,2119,2344,,68.8,98.6,.376,.353,.496,52.2,46.1,7.0,7.2,.448,16.3,33.7,.273
336,Washington State,32,11,21,.344,-1.67,2.20,4,14,9,7,2,8,2393,2517,,71.6,104.4,.303,.445,.562,48.2,57.4,7.4,7.8,.528,17.1,25.2,.229
337,Washington NCAA,36,27,9,.750,12.01,7.01,15,3,15,1,7,4,2511,2331,,67.4,103.2,.347,.399,.551,47.6,47.5,13.3,16.3,.521,17.4,28.8,.241
338,Weber State,33,18,15,.545,-4.37,-6.12,11,9,10,5,5,7,2617,2454,,73.4,107.2,.366,.354,.576,48.9,41.6,7.3,10.0,.540,14.4,19.7,.273
339,West Virginia,36,15,21,.417,6.94,10.57,4,14,11,7,0,10,2655,2786,,71.7,101.5,.389,.391,.514,53.1,54.2,8.5,9.4,.475,17.7,36.6,.268
340,Western Carolina,32,7,25,.219,-9.28,0.34,4,14,4,8,3,14,2304,2563,,71.3,99.8,.360,.459,.564,52.4,49.1,5.8,4.6,.539,22.0,28.7,.243
341,Western Illinois,31,10,21,.323,-10.04,-5.18,4,12,7,6,2,14,2198,2272,,69.5,101.6,.237,.337,.531,48.9,39.0,7.6,11.4,.505,14.6,22.7,.173
342,Western Kentucky,34,20,14,.588,3.14,0.96,11,7,10,4,6,8,2429,2355,,69.0,102.1,.379,.318,.539,51.6,48.9,9.9,14.4,.499,17.1,29.0,.274
343,Western Michigan,32,8,24,.250,-6.26,1.48,2,16,5,9,2,14,2246,2439,,70.2,98.5,.373,.397,.524,51.5,48.3,6.4,6.5,.487,18.6,30.0,.258
344,Wichita State,37,22,15,.595,7.72,5.91,10,8,10,4,7,7,2609,2542,,69.3,101.4,.288,.391,.504,52.1,53.7,6.8,10.3,.469,14.7,32.1,.209
345,William & Mary,31,14,17,.452,-4.78,-2.08,10,8,9,5,5,11,2321,2385,,69.2,106.1,.325,.415,.567,49.9,62.9,7.2,12.4,.546,16.0,24.2,.217
346,Winthrop,30,18,12,.600,-2.89,-3.74,10,6,11,3,7,8,2499,2358,,75.1,110.0,.301,.531,.582,53.4,53.8,5.9,7.2,.554,17.5,29.8,.222
347,Wisconsin NCAA,34,23,11,.676,17.90,11.01,14,6,12,3,8,5,2333,2099,,64.8,103.9,.273,.346,.531,49.8,49.2,7.9,11.0,.511,13.0,24.3,.177
348,Wofford NCAA,35,30,5,.857,13.92,0.80,18,0,15,1,11,3,2879,2295,,68.5,119.2,.271,.436,.598,54.5,50.6,9.6,9.1,.580,13.5,32.5,.190
349,Wright State,35,21,14,.600,3.29,-0.89,13,5,15,2,5,8,2561,2365,,67.4,108.1,.341,.403,.543,52.3,54.7,9.0,6.1,.506,14.6,31.3,.251
350,Wyoming,32,8,24,.250,-9.75,0.19,4,14,6,10,1,11,2105,2411,,70.2,93.3,.399,.435,.534,44.7,48.0,7.8,7.9,.492,18.6,15.6,.288
351,Xavier,35,19,16,.543,9.61,8.06,9,9,13,5,4,8,2526,2472,,66.5,107.0,.326,.374,.553,53.4,56.3,8.1,10.6,.528,16.5,32.2,.221
352,Yale NCAA,30,22,8,.733,5.52,-1.24,10,4,11,2,8,5,2427,2202,,72.9,109.7,.307,.350,.584,52.9,56.3,8.0,11.2,.556,15.9,25.8,.227
353,Youngstown State,32,12,20,.375,-7.78,-2.05,8,10,6,7,5,11,2415,2526,,70.6,104.8,.246,.433,.526,51.5,51.1,9.1,9.9,.501,15.6,33.7,.172