1,Abilene Christian NCAA,34,27,7,.794,-1.91,-7.34,14,4,13,2,10,4,2502,2161,,1370,897,1911,.469,251,660,.380,457,642,.712,325,1110,525,297,93,407,635
2,Air Force,32,14,18,.438,-4.28,0.24,8,10,9,6,3,9,2179,2294,,1300,802,1776,.452,234,711,.329,341,503,.678,253,1077,434,154,57,423,543
3,Akron,33,17,16,.515,4.86,1.09,8,10,14,3,1,10,2271,2107,,1325,797,1948,.409,297,929,.320,380,539,.705,312,1204,399,185,106,388,569
4,Alabama A&M,32,5,27,.156,-19.23,-8.38,4,14,4,7,0,18,1938,2285,,1295,736,1809,.407,182,578,.315,284,453,.627,314,1032,385,234,50,487,587
5,Alabama-Birmingham,35,20,15,.571,0.36,-1.52,10,8,11,5,6,6,2470,2370,,1410,906,2003,.452,234,694,.337,424,630,.673,367,1279,401,218,82,399,578
6,Alabama State,31,12,19,.387,-15.60,-7.84,9,9,8,3,3,13,2086,2235,,1250,712,1764,.404,216,673,.321,446,684,.652,365,1094,313,203,102,451,565
7,Alabama,34,18,16,.529,9.45,9.01,8,10,10,6,4,8,2448,2433,,1365,856,1945,.440,244,718,.340,492,739,.666,384,1285,418,157,160,465,572
8,Albany (NY),32,12,20,.375,-9.38,-6.70,7,9,6,8,6,10,2150,2216,,1300,728,1750,.416,274,790,.347,420,564,.745,294,1081,402,195,78,454,566
9,Alcorn State,31,10,21,.323,-22.08,-8.97,6,12,10,3,0,17,1995,2194,,1245,709,1721,.412,211,646,.327,366,543,.674,334,1079,391,229,107,492,548
10,American,30,15,15,.500,-4.19,-7.23,9,9,8,7,6,8,2161,2070,,1220,780,1645,.474,190,584,.325,411,589,.698,251,1014,402,221,131,386,520
11,Appalachian State,32,11,21,.344,-3.73,0.10,6,12,9,5,2,12,2557,2539,,1290,880,1938,.454,292,814,.359,505,706,.715,310,1127,406,171,90,418,585
12,Arizona State NCAA,34,23,11,.676,10.28,6.04,12,6,13,3,6,5,2638,2494,,1380,899,2012,.447,240,714,.336,600,882,.680,399,1351,459,213,109,466,675
13,Arizona,32,17,15,.531,8.32,6.32,8,10,12,5,4,7,2269,2205,,1290,794,1861,.427,235,699,.336,446,620,.719,324,1115,398,165,73,370,594
14,Little Rock,31,10,21,.323,-4.87,-2.07,5,13,7,9,3,12,2301,2353,,1250,817,1687,.484,206,582,.354,461,703,.656,244,1060,443,169,87,503,622
15,Arkansas-Pine Bluff,32,13,19,.406,-14.43,-8.18,10,8,8,2,4,17,2108,2269,,1300,719,1685,.427,194,574,.338,476,702,.678,317,1063,365,216,109,478,629
16,Arkansas State,32,13,19,.406,-7.10,-1.23,7,11,10,4,2,13,2359,2475,,1310,796,1904,.418,237,709,.334,530,721,.735,403,1211,363,183,139,448,684
17,Arkansas,34,18,16,.529,11.75,8.78,8,10,12,6,5,8,2559,2458,,1370,893,2004,.446,259,751,.345,514,769,.668,345,1152,543,276,172,450,693
18,Army,32,13,19,.406,-7.57,-4.73,8,10,10,4,3,13,2268,2305,,1280,837,1956,.428,272,863,.315,322,471,.684,259,1125,499,198,50,376,544
19,Auburn NCAA,40,30,10,.750,20.84,10.92,11,7,15,2,4,6,3188,2750,,1615,1097,2439,.450,454,1204,.377,540,760,.711,457,1369,572,369,190,466,731
20,Austin Peay,33,22,11,.667,0.59,-4.41,13,5,10,2,8,7,2712,2413,,1335,973,2060,.472,268,702,.382,498,705,.706,397,1215,454,252,110,392,596
21,Ball State,33,16,17,.485,3.39,1.21,6,12,7,7,8,7,2478,2362,,1340,889,1892,.470,202,621,.325,498,709,.702,308,1243,426,217,118,480,579
22,Baylor NCAA,34,20,14,.588,13.38,9.26,10,8,13,5,5,6,2442,2302,,1365,869,1966,.442,274,803,.341,430,635,.677,450,1281,473,209,159,446,636
23,Belmont NCAA,33,27,6,.818,9.12,-2.60,16,2,13,1,12,3,2868,2439,,1330,1042,2094,.498,343,922,.372,441,598,.737,286,1275,645,220,125,376,509
24,Bethune-Cookman,31,14,17,.452,-11.98,-9.74,9,7,11,4,3,12,2290,2245,,1250,833,1899,.439,204,635,.321,420,689,.610,415,1274,444,234,108,501,610
25,Binghamton,33,10,23,.303,-13.92,-4.69,5,11,5,11,5,12,2152,2376,,1320,793,1842,.431,275,788,.349,291,452,.644,244,1060,324,183,152,409,474
26,Boise State,33,13,20,.394,3.61,1.08,7,11,8,7,3,10,2364,2263,,1330,845,1801,.469,252,715,.352,422,584,.723,242,1016,398,200,68,379,570
27,Boston College,31,14,17,.452,5.83,7.76,5,13,10,8,2,8,2196,2256,,1260,768,1808,.425,218,687,.317,442,633,.698,331,1139,382,159,103,378,509
28,Boston University,33,15,18,.455,-6.61,-5.39,7,11,7,7,8,10,2385,2387,,1325,922,1922,.480,221,639,.346,320,468,.684,311,1091,447,199,73,425,578
29,Bowling Green State,34,22,12,.647,4.24,0.86,12,6,14,2,5,8,2668,2496,,1370,945,2134,.443,272,762,.357,506,755,.670,408,1396,427,227,90,412,596
30,Bradley NCAA,35,20,15,.571,-0.08,-0.90,9,9,10,6,5,8,2329,2285,,1405,812,1874,.433,240,653,.368,465,672,.692,313,1195,423,186,132,440,617
31,Brigham Young,32,19,13,.594,6.15,3.31,11,5,13,3,5,8,2527,2436,,1295,878,1878,.468,226,684,.330,545,750,.727,263,1118,482,203,107,354,625
32,Brown,32,20,12,.625,-0.62,-3.29,7,7,13,3,7,9,2355,2204,,1290,805,1818,.443,255,745,.342,490,685,.715,261,1157,418,241,123,458,600
33,Bryant,30,10,20,.333,-15.19,-7.66,7,11,8,6,2,13,2088,2314,,1200,709,1680,.422,230,708,.325,440,618,.712,285,969,319,158,79,383,575
34,Bucknell,33,21,12,.636,0.59,-2.93,13,5,12,3,7,8,2534,2418,,1325,867,1928,.450,311,885,.351,489,653,.749,286,1154,519,173,116,409,627
35,Buffalo NCAA,36,32,4,.889,15.56,2.62,16,2,14,0,12,3,3037,2550,,1445,1083,2344,.462,344,1022,.337,527,767,.687,452,1470,599,263,140,433,659
36,Butler,33,16,17,.485,9.22,8.10,7,11,12,4,2,10,2374,2337,,1330,861,1934,.445,292,827,.353,360,488,.738,288,1058,434,193,62,359,593
37,Cal Poly,29,6,23,.207,-13.95,-3.54,2,14,4,8,1,14,1930,2183,,1185,706,1715,.412,225,687,.328,293,452,.648,284,975,301,147,99,334,544
38,Cal State Bakersfield,34,18,16,.529,-5.12,-2.63,7,9,9,4,7,10,2412,2412,,1375,887,2092,.424,221,683,.324,417,620,.673,486,1272,379,218,105,439,747
39,Cal State Fullerton,34,16,18,.471,-3.29,-1.14,10,6,9,4,4,11,2437,2414,,1385,868,1911,.454,187,589,.317,514,726,.708,277,1224,407,200,118,450,639
40,Cal State Northridge,34,13,21,.382,-6.54,-3.39,7,9,7,9,4,11,2601,2701,,1375,968,2103,.460,234,648,.361,431,676,.638,352,1214,512,225,154,410,641
41,California Baptist,31,16,15,.516,-3.89,-4.12,7,9,8,7,8,6,2403,2241,,1260,831,1859,.447,287,800,.359,454,576,.788,306,1171,345,148,85,379,623
42,UC-Davis,31,11,20,.355,-6.26,-1.50,7,9,7,6,3,12,2038,2128,,1260,735,1673,.439,203,619,.328,365,515,.709,218,929,375,196,71,412,596
43,UC-Irvine NCAA,37,31,6,.838,5.70,-2.30,15,1,12,2,13,2,2675,2353,,1500,987,2159,.457,252,701,.359,449,640,.702,429,1471,479,210,153,441,673
44,UC-Riverside,33,10,23,.303,-11.12,-3.19,4,12,7,7,2,14,2153,2279,,1325,792,1787,.443,279,743,.376,290,424,.684,286,1051,425,164,60,425,562
45,UC-Santa Barbara,32,22,10,.688,-1.62,-5.55,10,6,12,3,7,6,2350,2114,,1290,825,1819,.454,204,594,.343,496,693,.716,379,1204,431,159,106,355,558
46,University of California,31,8,23,.258,-3.16,5.42,3,15,7,9,1,10,2121,2387,,1245,739,1735,.426,207,592,.350,436,603,.723,249,900,338,227,99,352,574
47,Campbell,33,20,13,.606,-3.62,-4.39,12,4,12,4,5,8,2495,2328,,1325,867,1906,.455,313,912,.343,448,590,.759,266,1050,482,218,104,337,522
48,Canisius,32,15,17,.469,-8.79,-4.85,11,7,5,8,9,5,2250,2376,,1295,798,1834,.435,256,791,.324,398,575,.692,300,1026,466,204,108,412,627
49,Central Arkansas,33,14,19,.424,-11.37,-4.81,8,10,8,5,5,13,2383,2498,,1330,810,1903,.426,276,784,.352,487,667,.730,299,1164,463,202,120,478,611
50,Central Connecticut State,31,11,20,.355,-14.02,-6.71,5,13,5,7,5,12,2205,2367,,1260,754,1821,.414,201,612,.328,496,634,.782,332,1107,353,172,110,427,597
51,Central Florida NCAA,33,24,9,.727,13.37,5.58,13,5,15,2,5,5,2385,2128,,1325,819,1763,.465,229,628,.365,518,798,.649,315,1215,439,189,150,393,554
52,Central Michigan,35,23,12,.657,2.79,-0.34,10,8,13,4,7,6,2896,2690,,1425,991,2177,.455,305,822,.371,609,908,.671,419,1321,467,267,107,425,593
53,Charleston Southern,34,18,16,.529,-2.43,-4.19,9,7,12,4,4,11,2574,2369,,1370,926,2156,.429,324,945,.343,398,588,.677,407,1277,487,263,110,441,571
54,Charlotte,29,8,21,.276,-8.34,-0.89,5,13,5,9,3,9,1776,1992,,1160,598,1442,.415,191,615,.311,389,524,.742,199,892,288,138,101,418,490
55,Chattanooga,32,12,20,.375,-7.87,-0.76,7,11,8,6,4,11,2268,2376,,1285,833,1881,.443,290,795,.365,312,457,.683,278,1095,418,139,79,409,553
56,Chicago State,32,3,29,.094,-24.83,0.67,0,16,3,8,0,19,1970,2710,,1280,718,1752,.410,141,471,.299,393,581,.676,252,995,376,193,72,512,625
57,Cincinnati NCAA,35,28,7,.800,14.53,5.50,14,4,16,2,7,4,2510,2194,,1410,872,2018,.432,232,673,.345,534,758,.704,442,1264,466,214,155,365,563
58,Citadel,30,12,18,.400,-7.94,0.03,4,14,8,7,4,10,2553,2584,,1210,899,2011,.447,370,1076,.344,385,523,.736,322,1107,462,201,110,386,528
59,Clemson,34,20,14,.588,13.85,8.99,9,9,14,5,4,6,2339,2174,,1360,833,1857,.449,217,661,.328,456,623,.732,309,1204,410,223,154,450,552
60,Cleveland State,31,10,21,.323,-7.96,-1.52,5,13,8,9,2,12,2300,2437,,1250,799,1834,.436,303,820,.370,399,585,.682,303,1093,460,174,97,412,551
61,Coastal Carolina,34,17,17,.500,-0.50,-1.94,9,9,10,4,6,11,2641,2520,,1370,899,1986,.453,284,766,.371,559,778,.719,376,1256,451,214,78,472,691
62,Colgate NCAA,35,24,11,.686,1.23,-3.83,13,5,15,1,9,9,2648,2458,,1415,955,1995,.479,320,815,.393,418,563,.742,322,1240,541,213,121,456,547
63,College of Charleston,33,24,9,.727,2.36,-2.95,12,6,13,2,8,5,2453,2265,,1330,878,1818,.483,227,667,.340,470,615,.764,260,1060,387,216,76,347,486
64,Colorado State,32,12,20,.375,-0.11,1.41,7,11,8,9,3,8,2393,2406,,1285,866,1818,.476,259,722,.359,402,579,.694,256,1080,472,199,76,372,522
65,Colorado,36,23,13,.639,9.68,3.60,10,8,15,2,5,9,2648,2429,,1445,924,2036,.454,230,711,.323,570,757,.753,363,1352,478,181,107,479,616
66,Columbia,28,10,18,.357,-5.18,-2.14,5,9,5,7,4,9,2059,2052,,1160,778,1720,.452,237,655,.362,266,377,.706,255,985,443,218,78,366,539
67,Connecticut,33,16,17,.485,6.81,4.32,6,12,13,5,1,8,2436,2354,,1325,874,1959,.446,252,732,.344,436,641,.680,380,1167,422,200,145,427,643
68,Coppin State,33,8,25,.242,-18.90,-7.11,7,9,3,7,4,16,2118,2507,,1330,710,1827,.389,240,841,.285,458,689,.665,314,1218,326,169,115,555,620
69,Cornell,31,15,16,.484,-6.12,-2.02,7,7,9,4,6,12,2149,2211,,1260,754,1705,.442,243,731,.332,398,551,.722,191,1015,453,181,107,414,492
70,Creighton,35,20,15,.571,12.00,8.59,9,9,13,6,4,8,2727,2561,,1420,980,2044,.479,372,961,.387,395,582,.679,288,1196,561,237,92,464,580
71,Dartmouth,30,11,19,.367,-5.75,-3.00,2,12,8,6,2,12,2160,2116,,1210,791,1750,.452,264,721,.366,314,436,.720,246,1020,426,158,100,361,468
72,Davidson,34,24,10,.706,6.38,1.96,14,4,14,2,7,5,2409,2229,,1365,852,1893,.450,312,882,.354,393,525,.749,264,1185,499,175,82,378,539
73,Dayton,33,21,12,.636,9.67,2.91,13,5,13,4,7,4,2406,2183,,1335,902,1789,.504,205,617,.332,397,575,.690,261,1145,541,164,81,414,463
74,Delaware State,31,6,25,.194,-26.82,-10.13,2,14,3,9,2,15,1956,2371,,1240,695,1963,.354,234,789,.297,332,489,.679,378,1144,333,214,66,435,589
75,Delaware,33,17,16,.515,-7.91,-4.82,8,10,9,7,7,8,2352,2380,,1360,830,1808,.459,282,746,.378,410,564,.727,254,1083,425,149,78,378,523
76,Denver,30,8,22,.267,-11.84,-2.97,3,13,6,7,1,14,2086,2319,,1205,755,1723,.438,227,622,.365,349,460,.759,275,1041,354,142,78,408,506
77,DePaul,36,19,17,.528,6.00,4.05,7,11,16,7,3,9,2821,2751,,1450,1009,2143,.471,241,703,.343,562,773,.727,396,1347,513,227,117,488,630
78,Detroit Mercy,31,11,20,.355,-6.33,-0.36,8,10,6,6,4,14,2279,2464,,1240,784,1874,.418,294,825,.356,417,581,.718,336,1019,319,238,77,355,528
79,Drake,34,24,10,.706,2.52,-0.66,12,6,13,2,7,6,2563,2387,,1385,908,1943,.467,279,773,.361,468,618,.757,279,1214,518,180,130,449,568
80,Drexel,32,13,19,.406,-7.02,-2.93,7,11,9,7,3,11,2425,2475,,1280,874,1900,.460,237,669,.354,440,584,.753,312,1126,464,144,62,377,542
81,Duke NCAA,38,32,6,.842,26.90,11.98,14,4,15,2,7,2,3143,2576,,1525,1157,2418,.478,278,903,.308,551,803,.686,495,1567,606,346,257,488,595
82,Duquesne,32,19,13,.594,0.53,-0.63,10,8,14,4,4,6,2351,2314,,1295,810,1894,.428,271,841,.322,460,663,.694,379,1133,442,250,151,451,580
83,East Carolina,31,10,21,.323,-5.49,1.31,3,15,8,9,1,11,2088,2299,,1255,749,1791,.418,155,545,.284,435,638,.682,317,1061,382,224,110,416,622
84,East Tennessee State,34,24,10,.706,5.21,-1.79,13,5,13,3,8,6,2707,2371,,1375,1004,2067,.486,274,758,.361,425,634,.670,442,1351,534,252,135,483,603
85,Eastern Illinois,32,14,18,.438,-11.81,-5.01,7,11,7,6,5,10,2299,2457,,1310,826,1912,.432,272,735,.370,375,545,.688,347,1147,434,200,120,427,569
86,Eastern Kentucky,31,13,18,.419,-7.40,-2.47,6,12,9,5,3,11,2562,2577,,1265,902,2125,.424,272,832,.327,486,683,.712,362,1167,458,317,101,447,661
87,Eastern Michigan,32,15,17,.469,0.40,4.43,9,9,11,7,4,10,2203,2213,,1295,818,1823,.449,187,634,.295,380,604,.629,400,1155,369,237,143,442,529
88,Eastern Washington,34,16,18,.471,-6.77,-4.17,12,8,9,4,4,13,2460,2527,,1380,876,2040,.429,310,886,.350,398,546,.729,299,1192,467,200,101,401,632
89,Elon,32,11,21,.344,-11.53,-3.56,7,11,5,11,6,7,2266,2445,,1290,812,1862,.436,335,943,.355,307,443,.693,265,1082,468,135,62,413,539
90,Evansville,32,11,21,.344,-3.84,0.13,5,13,9,7,2,13,2234,2317,,1295,747,1776,.421,264,776,.340,476,660,.721,215,1095,394,185,89,416,602
91,Fairfield,31,9,22,.290,-10.20,-7.14,6,12,5,7,3,13,2072,2167,,1240,761,1755,.434,259,740,.350,291,420,.693,273,968,401,202,63,436,612
92,Fairleigh Dickinson NCAA,35,21,14,.600,-6.09,-7.24,12,6,13,4,7,9,2620,2515,,1420,921,1939,.475,269,672,.400,509,702,.725,323,1155,486,261,132,477,578
93,Florida A&M,31,12,19,.387,-13.57,-8.09,9,7,6,3,6,14,1927,2057,,1245,719,1640,.438,180,489,.368,309,503,.614,288,991,355,226,111,499,580
94,Florida Atlantic,33,17,16,.515,-1.42,-1.76,8,10,9,5,6,9,2322,2243,,1335,809,1971,.410,290,895,.324,414,551,.751,366,1296,419,184,93,485,575
95,Florida Gulf Coast,32,14,18,.438,-5.11,-1.48,9,7,10,4,4,10,2280,2360,,1280,809,1787,.453,269,724,.372,393,588,.668,272,1064,449,219,133,479,514
96,Florida International,34,20,14,.588,-4.55,-1.45,10,8,12,4,6,9,2798,2734,,1360,986,2239,.440,279,923,.302,547,855,.640,367,1217,491,359,153,477,655
97,Florida State NCAA,37,29,8,.784,17.99,10.26,13,5,15,1,6,4,2771,2485,,1500,960,2171,.442,272,819,.332,579,778,.744,418,1391,475,266,161,492,705
98,Florida NCAA,36,20,16,.556,15.42,11.22,9,9,9,6,5,6,2440,2289,,1455,857,2015,.425,291,872,.334,435,603,.721,375,1201,437,257,131,420,614
99,Fordham,32,12,20,.375,-5.02,-2.40,3,15,9,10,3,8,2108,2141,,1295,759,1890,.402,276,831,.332,314,462,.680,305,1082,360,188,108,345,559
100,Fresno State,32,23,9,.719,8.99,0.67,13,5,13,4,7,3,2448,2162,,1285,847,1866,.454,342,897,.381,412,572,.720,300,1137,457,228,111,400,592
101,Furman,33,25,8,.758,7.46,-1.50,13,5,13,3,11,4,2562,2182,,1340,930,1962,.474,338,935,.361,364,508,.717,326,1171,524,288,137,407,481
102,Gardner-Webb NCAA,35,23,12,.657,-2.61,-4.43,11,6,13,0,8,9,2718,2468,,1430,955,1962,.487,281,719,.391,527,741,.711,271,1190,502,238,101,407,561
103,George Mason,33,18,15,.545,0.84,0.08,11,7,11,6,6,6,2314,2289,,1330,825,1855,.445,210,637,.330,454,634,.716,323,1166,399,204,97,428,563
104,George Washington,33,9,24,.273,-6.65,1.20,4,14,6,11,2,10,2097,2356,,1340,745,1842,.404,196,631,.311,411,600,.685,274,1116,375,170,96,413,526
105,Georgetown,33,19,14,.576,6.80,5.31,9,9,13,6,5,6,2625,2576,,1355,894,2017,.443,269,757,.355,568,771,.737,350,1299,542,198,131,443,581
106,Georgia Southern,33,21,12,.636,3.75,0.13,12,6,10,4,7,7,2726,2489,,1330,1012,2028,.499,204,632,.323,498,720,.692,320,1190,403,255,132,451,590
107,Georgia State NCAA,34,24,10,.706,2.44,0.65,13,5,13,1,7,7,2598,2491,,1360,903,1968,.459,330,859,.384,462,694,.666,273,1110,415,269,158,391,583
108,Georgia Tech,32,14,18,.438,6.93,8.15,6,12,11,7,3,9,2091,2130,,1285,755,1714,.440,176,573,.307,405,588,.689,262,1074,433,221,166,459,560
109,Georgia,32,11,21,.344,5.31,8.12,2,16,8,9,2,9,2274,2364,,1280,776,1761,.441,210,653,.322,512,726,.705,357,1215,423,185,163,506,565
110,Gonzaga NCAA,37,33,4,.892,27.79,5.01,16,0,17,0,9,1,3243,2400,,1480,1177,2239,.526,287,790,.363,602,791,.761,354,1443,668,278,204,394,603
111,Grambling,34,17,17,.500,-9.73,-9.34,10,8,11,3,6,12,2426,2336,,1370,834,1846,.452,223,553,.403,535,781,.685,307,1287,420,193,147,536,699
112,Grand Canyon,34,20,14,.588,3.85,-1.49,10,6,12,2,5,8,2560,2353,,1370,907,2006,.452,257,777,.331,487,666,.731,350,1238,478,207,75,411,598
113,Green Bay,38,21,17,.553,-2.24,-0.36,10,8,15,3,5,13,3090,3036,,1535,1106,2413,.458,303,879,.345,575,818,.703,376,1406,578,291,154,500,730
114,Hampton,35,18,17,.514,-3.34,-5.06,9,7,12,3,6,12,2847,2669,,1430,966,2236,.432,291,844,.345,622,790,.787,363,1370,487,215,121,379,649
115,Hartford,33,18,15,.545,-3.95,-4.89,10,6,10,4,8,9,2477,2407,,1345,848,1862,.455,322,846,.381,459,619,.742,278,1050,462,228,69,401,556
116,Harvard,31,19,12,.613,1.86,0.66,10,4,9,2,8,9,2222,2174,,1265,787,1711,.460,260,722,.360,388,538,.721,288,1119,369,174,123,491,554
117,Hawaii,31,18,13,.581,-1.30,-3.61,9,7,12,5,4,5,2241,2131,,1250,788,1746,.451,266,751,.354,399,576,.693,278,1054,478,156,66,368,556
118,High Point,31,16,15,.516,-5.63,-4.39,9,7,9,4,5,8,2115,2105,,1255,763,1719,.444,180,583,.309,409,605,.676,363,1183,404,170,91,406,502
119,Hofstra,35,27,8,.771,4.68,-4.53,15,3,15,1,10,6,2919,2553,,1440,998,2055,.486,308,800,.385,615,767,.802,305,1170,492,228,122,342,526
120,Holy Cross,33,16,17,.485,-6.43,-4.01,6,12,8,6,6,11,2216,2296,,1335,848,1834,.462,237,670,.354,283,424,.667,220,916,513,241,127,350,482
121,Houston Baptist,30,12,18,.400,-9.36,-5.53,8,10,9,4,3,13,2465,2484,,1225,865,1896,.456,200,588,.340,535,793,.675,409,1142,449,234,54,442,593
122,Houston NCAA,37,33,4,.892,18.91,4.61,16,2,19,1,10,1,2787,2258,,1480,982,2203,.446,333,939,.355,490,697,.703,448,1502,548,240,161,410,705
123,Howard,34,17,17,.500,-12.30,-9.52,10,6,6,8,9,8,2684,2661,,1370,937,2163,.433,244,669,.365,566,780,.726,396,1253,463,198,144,427,652
124,Idaho State,30,11,19,.367,-13.17,-4.81,7,13,6,7,5,11,2198,2369,,1200,779,1742,.447,274,752,.364,366,498,.735,275,975,383,154,88,360,497
125,Idaho,32,5,27,.156,-18.74,-6.19,2,18,4,11,1,13,2174,2460,,1285,778,1764,.441,251,678,.370,367,507,.724,258,1061,399,130,53,433,582
126,Illinois-Chicago,32,16,16,.500,-3.15,-1.99,10,8,12,4,4,12,2391,2385,,1295,865,1883,.459,303,856,.354,358,525,.682,271,1106,478,210,124,457,684
127,Illinois State,33,17,16,.515,-2.06,0.25,9,9,12,4,2,10,2257,2314,,1330,813,1887,.431,244,734,.332,387,540,.717,298,1139,421,162,106,417,577
128,Illinois,33,12,21,.364,8.95,11.53,7,13,9,6,1,9,2398,2483,,1335,862,2001,.431,259,751,.345,415,591,.702,351,1091,446,245,86,435,700
129,Incarnate Word,31,6,25,.194,-18.93,-5.11,1,17,5,9,0,14,2044,2355,,1255,711,1527,.466,174,508,.343,448,553,.810,204,845,354,184,53,504,592
130,Indiana State,31,15,16,.484,-2.72,0.62,7,11,9,5,4,9,2146,2218,,1250,757,1719,.440,178,491,.363,454,621,.731,250,1007,342,207,73,402,586
131,Indiana,35,19,16,.543,13.82,10.10,8,12,15,6,3,9,2504,2374,,1420,919,2009,.457,211,676,.312,455,695,.655,341,1272,469,226,154,433,596
132,Iona NCAA,33,17,16,.515,-4.78,-5.50,12,6,8,3,5,9,2532,2508,,1320,857,1897,.452,297,845,.351,521,699,.745,283,1152,432,223,90,406,564
133,Iowa State NCAA,35,23,12,.657,18.07,9.30,9,9,12,4,5,6,2692,2385,,1400,974,2047,.476,294,811,.363,450,615,.732,327,1230,527,247,160,379,517
134,Iowa NCAA,35,23,12,.657,14.27,9.84,10,10,14,4,4,6,2740,2585,,1415,914,2006,.456,285,782,.364,627,849,.739,357,1246,542,211,112,427,565
135,Purdue-Fort Wayne,33,18,15,.545,-3.47,-3.60,9,7,11,5,6,9,2728,2556,,1330,991,2059,.481,360,949,.379,386,557,.693,271,1140,525,247,158,395,495
136,IUPUI,33,16,17,.485,-2.72,-3.04,8,10,11,4,3,13,2507,2429,,1320,891,1969,.453,234,695,.337,491,699,.702,403,1233,471,228,103,462,578
137,Jackson State,32,13,19,.406,-14.60,-9.33,10,8,9,4,3,14,1974,2107,,1285,717,1774,.404,155,554,.280,385,607,.634,331,1125,359,209,124,436,643
138,Jacksonville State,33,24,9,.727,1.59,-5.47,15,3,11,1,10,7,2574,2283,,1345,953,2063,.462,200,634,.315,468,630,.743,400,1310,451,245,138,440,553
139,Jacksonville,32,12,20,.375,-8.27,-4.74,5,11,5,8,6,11,2385,2402,,1285,889,1953,.455,213,645,.330,394,582,.677,330,1163,457,213,166,463,523
140,James Madison,33,14,19,.424,-8.52,-4.07,6,12,8,6,4,11,2322,2409,,1350,821,1859,.442,243,670,.363,437,607,.720,345,1123,403,211,101,420,612
141,Kansas State NCAA,34,25,9,.735,15.39,9.18,14,4,13,2,7,5,2236,2025,,1360,806,1878,.429,241,721,.334,383,574,.667,325,1137,464,256,76,385,550
142,Kansas NCAA,36,26,10,.722,18.35,12.79,12,6,16,0,3,8,2725,2525,,1455,989,2128,.465,260,743,.350,487,691,.705,374,1376,478,243,139,472,610
143,Kennesaw State,32,6,26,.188,-16.17,-1.04,3,13,6,8,0,15,2030,2455,,1285,742,1945,.381,136,438,.311,410,590,.695,372,1163,362,185,106,437,525
144,Kent State,33,22,11,.667,1.26,0.61,11,7,14,3,8,7,2481,2417,,1330,878,2032,.432,261,775,.337,464,641,.724,412,1185,430,226,119,378,601
145,Kentucky NCAA,37,30,7,.811,21.43,10.29,15,3,17,1,8,2,2806,2394,,1490,978,2050,.477,215,607,.354,635,859,.739,427,1428,501,220,176,466,600
146,La Salle,31,10,21,.323,-3.61,1.29,8,10,5,9,3,8,2091,2243,,1240,719,1798,.400,259,783,.331,394,512,.770,328,1060,391,230,98,435,630
147,Lafayette,30,10,20,.333,-11.17,-4.93,7,11,4,11,6,9,2209,2349,,1220,802,1786,.449,280,736,.380,325,437,.744,233,1004,419,158,126,402,515
148,Lamar,33,20,13,.606,-5.94,-7.22,12,6,13,2,6,10,2597,2322,,1340,902,1976,.456,228,664,.343,565,823,.687,446,1282,481,283,97,473,622
149,Lehigh,31,20,11,.645,-2.34,-4.46,12,6,11,3,9,8,2479,2413,,1250,856,1775,.482,287,679,.423,480,620,.774,232,1105,471,171,71,418,571
150,Liberty NCAA,36,29,7,.806,5.27,-3.88,14,2,16,1,11,3,2654,2209,,1440,963,1977,.487,322,873,.369,406,524,.775,270,1174,532,223,96,395,543
151,Lipscomb,37,29,8,.784,9.21,-1.20,14,2,14,3,14,4,3076,2597,,1480,1071,2230,.480,327,876,.373,607,801,.758,329,1378,654,268,108,489,633
152,Cal State Long Beach,34,15,19,.441,-4.57,-0.44,8,8,9,5,4,12,2545,2584,,1375,877,2031,.432,217,630,.344,574,831,.691,377,1263,399,219,105,479,620
153,Long Island University,32,16,16,.500,-8.99,-9.08,9,9,8,5,7,9,2373,2337,,1285,822,1880,.437,277,813,.341,452,643,.703,321,1196,430,218,157,471,610
154,Longwood,34,16,18,.471,-8.43,-6.62,5,11,10,5,5,12,2407,2408,,1375,803,1875,.428,333,939,.355,468,639,.732,284,1194,401,210,71,477,624
155,Louisiana,32,19,13,.594,-2.07,-1.51,10,8,10,4,7,7,2612,2575,,1290,901,2026,.445,283,821,.345,527,710,.742,364,1142,487,226,125,423,612
156,Louisiana-Monroe,35,19,16,.543,0.81,-1.96,9,9,14,3,4,12,2773,2637,,1425,922,2029,.454,353,891,.396,576,737,.782,317,1176,498,206,78,398,545
157,Louisiana State NCAA,35,28,7,.800,16.50,9.16,16,2,15,2,9,1,2815,2558,,1435,988,2162,.457,236,740,.319,603,802,.752,460,1355,452,308,148,452,634
158,Louisiana Tech,33,20,13,.606,0.95,-2.31,9,9,15,1,4,10,2386,2235,,1335,840,1928,.436,253,756,.335,453,690,.657,368,1204,440,190,115,386,535
159,Louisville NCAA,34,20,14,.588,17.28,11.04,10,8,14,4,5,6,2536,2324,,1380,854,1967,.434,294,860,.342,534,687,.777,345,1297,458,149,99,412,591
160,Loyola (IL),34,20,14,.588,3.99,-0.16,12,6,13,4,5,7,2231,2066,,1360,831,1687,.493,206,563,.366,363,545,.666,190,1013,468,220,78,407,471
161,Loyola Marymount,34,22,12,.647,2.93,0.90,8,8,12,4,8,7,2278,2125,,1360,817,1800,.454,163,510,.320,481,645,.746,314,1098,460,250,102,425,602
162,Loyola (MD),32,11,21,.344,-9.13,-4.60,7,11,7,5,3,16,2332,2477,,1295,842,1836,.459,210,616,.341,438,617,.710,292,997,448,278,73,444,573
163,Maine,32,5,27,.156,-15.11,-4.21,3,13,3,9,2,18,1988,2271,,1310,747,1728,.432,201,647,.311,293,452,.648,280,1015,471,239,94,460,566
164,Manhattan,32,11,21,.344,-12.89,-7.32,8,10,4,9,4,11,1833,2011,,1285,651,1608,.405,219,661,.331,312,534,.584,326,1026,360,221,78,487,672
165,Marist,31,12,19,.387,-9.49,-7.53,7,11,4,7,6,11,2086,2147,,1250,739,1647,.449,245,675,.363,363,530,.685,241,967,377,172,53,387,583
166,Marquette NCAA,34,24,10,.706,14.78,6.96,12,6,16,3,6,4,2629,2363,,1375,893,1969,.454,319,822,.388,524,692,.757,331,1292,456,168,145,467,635
167,Marshall,37,23,14,.622,-0.64,-0.61,11,7,16,3,6,10,2978,2979,,1495,1047,2367,.442,362,1058,.342,522,723,.722,319,1260,527,334,170,453,664
168,Maryland-Baltimore County,34,21,13,.618,-5.85,-5.85,11,5,13,4,6,8,2296,2177,,1400,820,1893,.433,261,807,.323,395,573,.689,296,1145,453,268,83,428,578
169,Maryland-Eastern Shore,32,7,25,.219,-24.21,-7.91,5,11,5,7,2,17,1833,2291,,1285,666,1705,.391,172,610,.282,329,489,.673,264,989,361,186,70,431,575
170,Maryland NCAA,34,23,11,.676,16.01,10.09,13,7,15,3,6,5,2429,2228,,1360,858,1909,.449,247,707,.349,466,627,.743,378,1336,447,148,163,437,526
171,Massachusetts-Lowell,32,15,17,.469,-8.28,-6.95,7,9,8,5,5,12,2456,2420,,1290,875,1852,.472,246,721,.341,460,639,.720,293,1115,500,181,85,447,589
172,Massachusetts,32,11,21,.344,-3.02,-0.18,4,14,9,8,1,11,2263,2354,,1290,808,1831,.441,256,732,.350,391,574,.681,342,1123,468,154,93,445,643
173,McNeese State,31,9,22,.290,-14.41,-6.15,5,13,7,8,2,14,2149,2303,,1245,760,1676,.453,168,548,.307,461,647,.713,310,1054,429,147,97,450,467
174,Memphis,36,22,14,.611,10.70,5.09,11,7,17,2,3,8,2882,2680,,1450,1013,2238,.453,260,807,.322,596,835,.714,436,1358,553,288,144,538,739
175,Mercer,31,11,20,.355,-2.86,-0.24,6,12,9,6,2,12,2248,2246,,1245,787,1746,.451,228,663,.344,446,648,.688,307,1057,393,207,80,407,557
176,Miami (FL),32,14,18,.438,9.39,8.70,5,13,11,5,0,10,2297,2275,,1285,805,1851,.435,268,805,.333,419,570,.735,291,1061,413,212,100,372,465
177,Miami (OH),32,15,17,.469,0.77,2.31,7,11,10,5,4,10,2267,2233,,1285,777,1847,.421,269,832,.323,444,626,.709,353,1190,349,194,87,413,581
178,Michigan State NCAA,39,32,7,.821,24.93,12.34,16,4,15,1,8,4,3025,2534,,1570,1071,2230,.480,319,844,.378,564,749,.753,414,1579,715,201,205,493,647
179,Michigan NCAA,37,30,7,.811,21.82,10.55,15,5,17,1,7,4,2575,2158,,1480,941,2102,.448,287,839,.342,406,579,.701,299,1307,512,225,149,334,514
180,Middle Tennessee,32,11,21,.344,-6.09,1.44,8,10,9,5,2,11,2141,2313,,1280,778,1858,.419,212,650,.326,373,551,.677,382,1228,352,190,85,512,583
181,Milwaukee,31,9,22,.290,-8.90,-2.50,4,14,6,8,3,12,2146,2315,,1245,765,1820,.420,237,692,.342,379,508,.746,288,1094,356,145,94,382,579
182,Minnesota NCAA,36,22,14,.611,12.52,11.27,9,11,14,3,2,9,2543,2498,,1445,887,2039,.435,191,603,.317,578,848,.682,402,1314,523,175,140,418,578
183,Mississippi State NCAA,34,23,11,.676,15.96,9.07,10,8,14,3,5,5,2628,2394,,1370,936,1982,.472,292,774,.377,464,647,.717,393,1215,481,274,172,451,586
184,Mississippi Valley State,32,6,26,.188,-22.47,-6.99,4,14,6,6,0,20,2058,2498,,1285,730,1923,.380,172,554,.310,426,647,.658,378,1165,361,176,70,415,570
185,Mississippi NCAA,33,20,13,.606,12.32,8.13,10,8,11,5,6,5,2485,2347,,1325,876,1906,.460,272,760,.358,461,589,.783,322,1128,475,235,118,416,603
186,Missouri-Kansas City,32,11,21,.344,-6.61,-1.55,6,10,8,5,3,13,2220,2341,,1290,774,1794,.431,259,728,.356,413,590,.700,261,966,351,233,90,391,647
187,Missouri State,32,16,16,.500,-1.20,-1.03,10,8,11,4,5,9,2206,2157,,1285,774,1714,.452,224,649,.345,434,627,.692,270,1000,354,221,127,385,540
188,Missouri,32,15,17,.469,8.60,9.16,5,13,9,7,2,8,2150,2168,,1290,758,1764,.430,264,727,.363,370,526,.703,345,1130,354,149,53,448,625
189,Monmouth,35,14,21,.400,-10.66,-4.83,10,8,6,6,5,11,2286,2490,,1420,794,1915,.415,168,565,.297,530,773,.686,360,1224,379,237,101,502,698
190,Montana State,32,15,17,.469,-7.91,-5.81,11,9,9,4,4,12,2502,2552,,1280,858,1882,.456,306,818,.374,480,651,.737,292,1083,491,169,46,394,567
191,Montana NCAA,35,26,9,.743,1.50,-5.05,16,4,12,2,9,5,2665,2397,,1405,975,1983,.492,287,763,.376,428,621,.689,293,1176,510,229,106,416,655
192,Morehead State,33,13,20,.394,-7.73,-1.76,8,10,7,7,4,11,2431,2543,,1335,855,1993,.429,260,762,.341,461,654,.705,357,1177,440,186,137,402,561
193,Morgan State,30,9,21,.300,-15.98,-10.70,4,12,6,7,2,13,2161,2304,,1210,758,1920,.395,168,521,.322,477,669,.713,397,1078,362,230,48,401,614
194,Mount St. Mary's,31,9,22,.290,-14.57,-6.02,6,12,4,9,5,13,2092,2286,,1240,733,1755,.418,223,723,.308,403,594,.678,293,1036,354,146,107,410,576
195,Murray State NCAA,33,28,5,.848,8.96,-3.11,16,2,15,1,10,3,2727,2255,,1320,988,2007,.492,258,731,.353,493,673,.733,351,1247,591,249,149,401,527
196,Navy,31,12,19,.387,-10.09,-4.00,8,10,8,6,4,13,2061,2250,,1240,732,1785,.410,208,656,.317,389,544,.715,359,1160,399,167,58,437,534
197,Omaha,32,21,11,.656,-2.32,-3.39,13,3,10,2,9,8,2523,2454,,1290,950,1998,.475,282,719,.392,341,473,.721,273,1047,409,180,61,304,486
198,Nebraska,36,19,17,.528,14.85,11.31,6,14,13,5,2,10,2586,2421,,1445,916,2133,.429,270,800,.338,484,694,.697,379,1278,466,260,151,345,580
199,Nevada-Las Vegas,31,17,14,.548,1.58,0.48,11,7,10,6,6,5,2276,2242,,1250,791,1852,.427,251,745,.337,443,647,.685,408,1204,401,184,115,401,556
200,Nevada NCAA,34,29,5,.853,16.00,2.68,15,3,15,0,9,3,2723,2270,,1360,924,1999,.462,297,855,.347,578,816,.708,325,1274,498,211,134,352,584
201,New Hampshire,29,5,24,.172,-18.66,-6.03,3,13,4,10,1,14,1742,1990,,1160,623,1656,.376,261,787,.332,235,385,.610,260,986,325,116,53,356,533
202,New Mexico State NCAA,35,30,5,.857,10.05,-2.38,15,1,16,1,10,1,2734,2259,,1405,962,2092,.460,326,977,.334,484,714,.678,445,1343,514,197,91,419,632
203,New Mexico,32,14,18,.438,-0.55,1.61,7,11,9,7,4,9,2443,2454,,1280,814,1927,.422,292,844,.346,523,745,.702,351,1199,446,220,107,455,627
204,New Orleans,33,19,14,.576,-8.88,-6.47,12,6,12,4,5,9,2384,2325,,1345,862,1941,.444,189,566,.334,471,681,.692,393,1166,497,285,134,517,631
205,Niagara,32,13,19,.406,-11.33,-7.77,6,12,8,8,5,10,2318,2432,,1285,795,1887,.421,265,738,.359,463,629,.736,315,1143,343,128,127,390,511
206,Nicholls State,31,14,17,.452,-11.87,-6.98,7,11,9,4,3,13,2260,2302,,1250,807,1914,.422,324,883,.367,322,418,.770,280,1041,428,208,128,386,587
207,NJIT,35,22,13,.629,-3.63,-4.74,8,8,11,5,11,8,2472,2401,,1410,849,1913,.444,246,713,.345,528,732,.721,250,1178,376,223,94,421,582
208,Norfolk State,36,22,14,.611,-8.04,-8.74,14,2,11,2,9,8,2652,2503,,1460,900,2079,.433,282,770,.366,570,803,.710,366,1318,457,219,154,523,763
209,North Alabama,32,10,22,.313,-11.00,-1.69,7,9,8,4,2,18,2145,2358,,1285,744,1914,.389,240,805,.298,417,619,.674,351,1170,334,209,74,435,614
210,North Carolina-Asheville,31,4,27,.129,-19.81,-2.35,2,14,3,10,1,15,1857,2313,,1245,655,1627,.403,223,687,.325,324,437,.741,298,931,331,196,86,456,533
211,North Carolina A&T,32,19,13,.594,-11.24,-9.88,13,3,11,2,7,10,2241,2209,,1290,825,1797,.459,227,649,.350,364,548,.664,291,1059,452,215,108,417,514
212,North Carolina Central NCAA,34,18,16,.529,-11.53,-11.24,10,6,10,2,4,12,2429,2266,,1365,874,1922,.455,221,693,.319,460,641,.718,399,1265,526,207,93,515,610
213,North Carolina-Greensboro,36,29,7,.806,4.08,-0.90,15,3,15,2,11,4,2738,2443,,1445,997,2184,.457,280,818,.342,464,666,.697,399,1251,453,315,140,423,631
214,North Carolina State,36,24,12,.667,14.94,6.22,9,9,17,5,4,6,2882,2568,,1450,1061,2319,.458,292,830,.352,468,661,.708,486,1390,539,257,138,449,691
215,North Carolina-Wilmington,33,10,23,.303,-8.10,-2.04,5,13,5,9,2,12,2515,2670,,1335,880,1986,.443,260,744,.349,493,673,.733,387,1221,495,150,68,436,585
216,North Carolina NCAA,36,29,7,.806,23.94,11.35,16,2,14,2,11,1,3089,2636,,1445,1118,2410,.464,312,862,.362,541,728,.743,477,1589,678,252,120,473,611
217,North Dakota State NCAA,35,19,16,.543,-4.01,-2.07,9,7,10,3,4,9,2556,2541,,1410,874,1926,.454,332,910,.365,476,613,.777,229,1105,402,160,87,368,523
218,North Dakota,30,12,18,.400,-8.78,-3.55,6,10,8,6,4,11,2220,2196,,1200,822,1771,.464,241,647,.372,335,482,.695,233,1009,398,171,87,380,485
219,North Florida,33,16,17,.485,-3.47,-0.70,9,7,10,3,5,13,2485,2531,,1325,902,2014,.448,308,897,.343,373,539,.692,363,1252,520,212,165,536,573
220,North Texas,33,21,12,.636,-0.25,-3.48,8,10,12,4,6,7,2302,2077,,1325,831,1910,.435,284,838,.339,356,532,.669,368,1244,428,210,88,443,589
221,Northeastern NCAA,34,23,11,.676,3.95,-0.70,14,4,11,2,8,6,2564,2406,,1385,880,1848,.476,328,858,.382,476,634,.751,237,1075,480,211,74,381,539
222,Northern Arizona,31,10,21,.323,-10.75,-6.23,8,12,5,7,5,13,2262,2402,,1250,785,1819,.432,259,749,.346,433,614,.705,290,1055,381,196,65,372,537
223,Northern Colorado,32,21,11,.656,-3.92,-6.76,15,5,10,3,11,5,2450,2229,,1295,849,1837,.462,307,849,.362,445,633,.703,309,1128,422,176,101,398,538
224,Northern Illinois,34,17,17,.500,2.58,1.11,8,10,10,6,5,9,2506,2413,,1375,940,1995,.471,229,642,.357,397,543,.731,304,1179,374,188,75,404,653
225,Northern Iowa,34,16,18,.471,-1.54,0.62,9,9,9,5,3,9,2215,2230,,1360,769,1847,.416,276,792,.348,401,537,.747,262,1115,370,165,75,393,554
226,Northern Kentucky NCAA,35,26,9,.743,4.67,-2.39,13,5,17,1,7,7,2747,2410,,1410,979,2047,.478,306,844,.363,483,725,.666,364,1298,592,218,139,441,664
227,Northwestern State,31,11,20,.355,-17.06,-5.99,6,12,8,7,3,13,2051,2280,,1250,725,1790,.405,190,646,.294,411,604,.680,352,1103,340,192,138,496,578
228,Northwestern,32,13,19,.406,9.97,9.16,4,16,10,8,1,9,2108,2082,,1290,735,1827,.402,233,744,.313,405,551,.735,278,1086,451,176,134,349,583
229,Notre Dame,33,14,19,.424,7.97,8.28,3,15,11,8,1,9,2266,2276,,1320,776,1973,.393,272,863,.315,442,594,.744,370,1208,423,179,148,306,455
230,Oakland,33,16,17,.485,-2.27,-1.48,11,7,10,6,6,10,2534,2515,,1325,864,1859,.465,314,816,.385,492,663,.742,275,1063,580,191,99,426,534
231,Ohio State NCAA,35,20,15,.571,13.89,11.00,8,12,12,6,4,7,2419,2318,,1405,839,1931,.434,264,774,.341,477,650,.734,328,1215,494,206,85,438,623
232,Ohio,31,14,17,.452,-1.84,3.16,6,12,11,5,3,10,2174,2288,,1255,803,1838,.437,187,633,.295,381,602,.633,332,1152,451,200,115,448,504
233,Oklahoma State,32,12,20,.375,8.09,11.53,5,13,8,7,2,10,2178,2288,,1285,760,1796,.423,280,753,.372,378,549,.689,295,1093,422,183,139,386,516
234,Oklahoma NCAA,34,20,14,.588,15.30,12.21,7,11,11,4,5,7,2423,2318,,1365,883,1975,.447,226,654,.346,431,618,.697,305,1263,430,203,102,401,527
235,Old Dominion NCAA,35,26,9,.743,3.74,-1.18,13,5,14,2,8,4,2300,2128,,1400,823,2026,.406,264,756,.349,388,585,.663,418,1365,439,197,160,408,580
236,Oral Roberts,32,11,21,.344,-9.34,-1.91,7,9,7,6,3,13,2314,2483,,1285,854,1874,.456,266,734,.362,340,492,.691,335,1147,434,152,107,447,575
237,Oregon State,31,18,13,.581,7.84,4.29,10,8,10,5,6,5,2275,2165,,1250,800,1728,.463,203,633,.321,472,636,.742,310,1091,465,185,164,384,536
238,Oregon NCAA,38,25,13,.658,13.95,6.13,10,8,13,4,5,7,2661,2364,,1530,958,2126,.451,295,840,.351,450,624,.721,361,1307,501,290,162,442,665
239,Pacific,32,14,18,.438,-2.46,1.97,4,12,9,7,5,10,2138,2241,,1290,710,1681,.422,198,566,.350,520,698,.745,285,1039,325,199,46,423,630
240,Penn State,32,14,18,.438,12.55,11.51,7,13,9,6,3,9,2229,2196,,1295,791,1898,.417,222,693,.320,425,613,.693,382,1174,389,245,122,399,597
241,Pennsylvania,31,19,12,.613,2.04,-0.76,7,7,10,4,8,5,2250,2117,,1265,821,1810,.454,282,803,.351,326,511,.638,270,1101,465,210,76,395,500
242,Pepperdine,34,16,18,.471,0.90,0.63,6,10,9,5,2,11,2572,2529,,1370,865,1949,.444,313,819,.382,529,696,.760,290,1085,479,229,95,432,639
243,Pittsburgh,33,14,19,.424,7.88,6.69,3,15,11,7,0,11,2306,2267,,1330,769,1841,.418,225,680,.331,543,779,.697,383,1211,387,227,126,448,611
244,Portland State,32,16,16,.500,-8.95,-5.78,11,9,12,4,3,10,2475,2404,,1290,856,2017,.424,238,769,.309,525,748,.702,491,1282,434,264,130,449,681
245,Portland,32,7,25,.219,-10.80,0.51,0,16,6,11,1,12,2078,2389,,1290,707,1708,.414,216,664,.325,448,668,.671,233,1032,369,175,123,425,588
246,Prairie View NCAA,35,22,13,.629,-7.29,-9.17,17,1,11,0,9,12,2627,2547,,1400,903,2061,.438,225,703,.320,596,875,.681,392,1151,445,309,55,445,758
247,Presbyterian,36,20,16,.556,-3.56,-5.35,9,7,12,3,8,12,2817,2610,,1445,966,2150,.449,394,1034,.381,491,674,.728,324,1248,565,214,69,358,617
248,Princeton,28,16,12,.571,-3.43,-0.89,8,6,7,5,8,6,1948,1951,,1135,685,1666,.411,207,679,.305,371,502,.739,272,1016,295,168,72,354,459
249,Providence,34,18,16,.529,8.29,6.71,7,11,11,7,5,6,2428,2374,,1385,835,1973,.423,225,690,.326,533,771,.691,399,1241,491,253,136,445,600
250,Purdue NCAA,36,26,10,.722,21.40,11.99,16,4,15,0,6,6,2760,2421,,1460,967,2145,.451,365,977,.374,461,641,.719,421,1341,518,220,143,381,625
251,Quinnipiac,31,16,15,.516,-6.78,-8.03,11,7,7,7,9,6,2294,2255,,1270,739,1730,.427,348,923,.377,468,646,.724,311,1111,393,159,62,415,524
252,Radford,33,22,11,.667,1.28,-1.95,12,4,11,3,9,7,2440,2247,,1330,893,1938,.461,285,751,.379,369,515,.717,335,1170,467,196,101,358,528
253,Rhode Island,33,18,15,.545,2.83,1.19,9,9,9,5,5,7,2293,2239,,1335,821,1914,.429,172,615,.280,479,704,.680,375,1194,401,235,129,405,582
254,Rice,32,13,19,.406,-6.56,-2.06,8,10,9,7,4,11,2367,2481,,1305,795,1867,.426,277,797,.348,500,729,.686,316,1221,425,171,104,438,568
255,Richmond,33,13,20,.394,-1.37,-0.79,6,12,7,10,4,7,2314,2333,,1320,849,1800,.472,251,723,.347,365,552,.661,196,957,519,249,101,336,488
256,Rider,31,16,15,.516,-4.96,-6.51,11,7,9,3,6,10,2381,2333,,1245,847,1893,.447,222,651,.341,465,755,.616,363,1144,450,282,101,415,591
257,Robert Morris,35,18,17,.514,-9.41,-7.62,11,7,13,4,5,13,2448,2403,,1420,861,1991,.432,280,789,.355,446,638,.699,373,1178,487,257,92,507,683
258,Rutgers,31,14,17,.452,8.89,9.76,7,13,10,7,4,9,2105,2132,,1250,771,1842,.419,191,612,.312,372,584,.637,391,1210,390,201,124,408,566
259,Sacramento State,31,15,16,.484,-8.78,-6.78,8,12,9,5,4,10,2197,2155,,1250,806,1800,.448,175,527,.332,410,592,.693,308,1050,431,239,104,404,566
260,Sacred Heart,32,15,17,.469,-7.88,-8.11,11,7,10,3,4,13,2558,2509,,1285,885,1926,.460,243,681,.357,545,722,.755,354,1231,471,170,133,465,572
261,Saint Francis (PA),33,18,15,.545,-8.74,-6.16,12,6,12,4,6,11,2517,2510,,1320,885,2035,.435,254,724,.351,493,698,.706,430,1246,413,221,94,402,598
262,Saint Joseph's,33,14,19,.424,-0.43,1.66,6,12,10,5,2,11,2328,2397,,1325,793,1943,.408,280,869,.322,462,615,.751,258,1145,397,186,110,305,497
263,Saint Louis NCAA,36,23,13,.639,5.06,2.23,10,8,15,2,4,8,2399,2297,,1440,855,2052,.417,205,675,.304,484,809,.598,492,1428,460,254,145,464,634
264,Saint Mary's (CA) NCAA,34,22,12,.647,12.58,4.40,11,5,14,3,5,5,2463,2185,,1365,899,1905,.472,253,670,.378,412,555,.742,329,1180,341,201,87,355,572
265,Saint Peter's,32,10,22,.313,-12.15,-6.40,6,12,7,7,2,14,2012,2196,,1305,707,1639,.431,184,567,.325,414,570,.726,293,1032,301,172,177,488,614
266,Sam Houston State,33,21,12,.636,-3.17,-5.84,16,2,12,2,8,9,2476,2307,,1345,889,2011,.442,308,840,.367,390,518,.753,369,1191,555,242,94,413,659
267,Samford,33,17,16,.515,0.69,-2.03,6,12,11,6,5,9,2583,2487,,1355,921,1951,.472,254,687,.370,487,666,.731,316,1225,461,238,127,463,560
268,San Diego State,34,21,13,.618,5.29,2.47,11,7,14,3,4,7,2437,2291,,1360,845,1940,.436,261,721,.362,486,679,.716,346,1228,487,197,113,424,638
269,San Diego,36,21,15,.583,6.12,3.61,7,9,12,4,5,9,2591,2455,,1460,914,2002,.457,284,808,.351,479,641,.747,290,1238,516,204,112,466,667
270,San Francisco,31,21,10,.677,8.56,1.13,9,7,13,3,6,5,2358,2101,,1250,864,1851,.467,258,727,.355,372,568,.655,340,1138,439,188,105,321,543
271,San Jose State,31,4,27,.129,-16.37,0.59,1,17,4,11,0,12,2042,2534,,1250,713,1765,.404,210,641,.328,406,620,.655,323,1130,423,131,52,484,539
272,Santa Clara,31,16,15,.516,-1.91,0.92,8,8,11,6,4,6,2115,2172,,1255,735,1653,.445,239,663,.360,406,567,.716,242,1026,416,146,111,433,597
273,Savannah State,31,11,20,.355,-20.51,-9.04,8,8,6,5,4,14,2360,2694,,1245,825,2080,.397,351,1199,.293,359,531,.676,383,1188,462,234,96,478,564
274,Seattle,33,18,15,.545,-1.47,-3.85,6,10,12,6,4,8,2420,2283,,1330,852,1945,.438,238,642,.371,478,668,.716,336,1221,386,141,118,403,657
275,Seton Hall NCAA,34,20,14,.588,10.25,8.34,9,9,11,4,3,8,2508,2443,,1375,888,2021,.439,240,741,.324,492,697,.706,361,1213,459,235,132,423,638
276,Siena,33,17,16,.515,-7.90,-6.47,11,7,7,7,8,7,2131,2178,,1345,772,1779,.434,288,849,.339,299,440,.680,248,973,415,190,93,321,462
277,South Alabama,34,17,17,.500,-4.46,-2.71,8,10,13,6,3,10,2478,2465,,1375,867,1883,.460,285,761,.375,459,669,.686,288,1094,471,201,141,456,649
278,South Carolina State,34,8,26,.235,-16.86,-8.30,5,11,5,6,2,19,2388,2593,,1375,811,1891,.429,193,582,.332,573,772,.742,376,1137,386,167,60,493,670
279,South Carolina Upstate,32,6,26,.188,-15.30,-4.27,1,16,5,9,1,15,2169,2395,,1290,775,1872,.414,269,817,.329,350,492,.711,305,1051,434,207,94,440,621
280,South Carolina,32,16,16,.500,8.34,9.63,11,7,11,6,4,8,2327,2316,,1285,806,1907,.423,242,662,.366,473,694,.682,383,1160,413,202,140,433,623
281,South Dakota State,33,24,9,.727,5.92,-4.74,14,2,14,1,7,6,2789,2425,,1320,984,1965,.501,327,802,.408,494,635,.778,251,1259,489,202,65,388,557
282,South Dakota,30,13,17,.433,-5.52,-3.06,7,9,8,6,4,8,2118,2136,,1205,729,1664,.438,227,666,.341,433,585,.740,219,942,382,165,68,324,527
283,South Florida,38,24,14,.632,5.96,1.69,8,10,18,5,5,7,2752,2553,,1555,911,2120,.430,272,819,.332,658,1018,.646,496,1483,521,306,124,604,790
284,Southeast Missouri State,31,10,21,.323,-11.32,-4.39,5,13,6,8,2,13,2216,2378,,1265,796,1809,.440,266,719,.370,358,519,.690,284,1081,402,182,75,447,615
285,Southeastern Louisiana,33,17,16,.515,-7.59,-6.30,12,6,9,5,7,9,2224,2228,,1320,765,1735,.441,235,696,.338,459,640,.717,346,1117,452,215,80,536,602
286,Southern California,33,16,17,.485,8.23,4.96,8,10,12,5,2,9,2518,2410,,1340,937,2039,.460,281,735,.382,363,563,.645,324,1188,536,202,117,392,590
287,SIU Edwardsville,31,10,21,.323,-14.47,-5.06,6,12,7,8,2,11,2265,2520,,1280,794,1898,.418,201,665,.302,476,677,.703,351,1079,382,198,70,438,612
288,Southern Illinois,32,17,15,.531,1.39,-0.17,10,8,9,6,7,7,2194,2144,,1280,802,1720,.466,213,570,.374,377,550,.685,289,1081,438,212,129,447,474
289,Southern Methodist,32,15,17,.469,5.81,4.12,6,12,10,8,3,7,2303,2249,,1280,833,1884,.442,263,772,.341,374,523,.715,365,1135,441,189,123,350,515
290,Southern Mississippi,33,20,13,.606,2.58,-0.83,11,7,11,3,7,7,2392,2160,,1330,899,1929,.466,275,712,.386,321,489,.656,274,1178,553,253,110,345,507
291,Southern Utah,34,17,17,.500,-8.91,-6.22,9,11,11,4,4,12,2573,2566,,1380,881,1997,.441,272,799,.340,539,757,.712,282,1250,426,199,114,466,696
292,Southern,32,7,25,.219,-16.79,-7.37,6,12,6,5,1,18,2077,2360,,1285,752,1710,.440,180,544,.331,393,588,.668,313,980,372,216,86,511,716
293,St. Bonaventure,34,18,16,.529,3.34,0.25,12,6,9,5,6,7,2250,2145,,1385,821,1914,.429,208,635,.328,400,539,.742,333,1183,417,199,164,421,553
294,St. Francis (NY),33,17,16,.515,-10.19,-8.45,9,9,11,3,6,12,2345,2320,,1325,841,1989,.423,270,806,.335,393,580,.678,346,1191,387,194,136,413,635
295,St. John's (NY) NCAA,34,21,13,.618,7.88,5.50,8,10,11,4,4,7,2623,2542,,1375,944,2100,.450,289,809,.357,446,620,.719,264,1120,472,302,111,357,650
296,Stanford,31,15,16,.484,6.03,5.13,8,10,10,4,4,9,2255,2227,,1245,808,1783,.453,207,653,.317,432,643,.672,322,1147,392,186,147,467,586
297,Stephen F. Austin,30,14,16,.467,-10.99,-5.92,7,11,10,6,3,9,2105,2161,,1210,745,1696,.439,201,588,.342,414,607,.682,313,1008,348,192,113,442,579
298,Stetson,31,7,24,.226,-15.01,-3.46,3,13,7,8,0,16,2151,2429,,1245,794,1962,.405,215,684,.314,348,503,.692,359,1110,418,210,94,394,536
299,Stony Brook,33,24,9,.727,-2.10,-6.48,12,4,10,4,13,4,2364,2188,,1335,815,1937,.421,233,715,.326,501,695,.721,410,1348,372,209,142,478,631
300,Syracuse NCAA,34,20,14,.588,13.73,10.09,10,8,13,6,6,4,2370,2246,,1365,808,1907,.424,274,824,.333,480,701,.685,363,1174,408,278,162,423,588
301,Temple NCAA,33,23,10,.697,8.17,4.93,13,5,13,2,8,5,2465,2358,,1340,873,1998,.437,247,748,.330,472,649,.727,316,1136,476,284,73,368,581
302,Tennessee-Martin,31,12,19,.387,-10.94,-4.32,6,12,10,4,1,14,2356,2486,,1250,854,1915,.446,250,726,.344,398,528,.754,351,1062,441,223,88,418,490
303,Tennessee State,30,9,21,.300,-11.62,-3.15,6,12,6,7,3,14,2182,2332,,1210,751,1739,.432,240,716,.335,440,628,.701,317,1032,342,219,78,497,735
304,Tennessee Tech,31,8,23,.258,-14.76,-3.00,4,14,5,10,3,13,2104,2350,,1250,742,1784,.416,213,620,.344,407,645,.631,330,1122,389,226,134,517,554
305,Tennessee NCAA,37,31,6,.838,21.55,10.16,15,3,18,0,7,3,3035,2580,,1505,1106,2231,.496,262,714,.367,561,744,.754,379,1391,660,221,199,412,654
306,Texas A&M-Corpus Christi,32,14,18,.438,-9.11,-5.68,9,9,9,7,5,9,2126,2124,,1290,774,1803,.429,202,621,.325,376,541,.695,349,1158,423,197,90,456,610
307,Texas A&M,32,14,18,.438,7.21,8.59,6,12,9,8,3,7,2253,2297,,1280,806,1842,.438,204,663,.308,437,631,.693,372,1195,376,215,142,444,521
308,Texas-Arlington,33,17,16,.515,-0.50,0.84,12,6,9,5,7,10,2284,2303,,1345,781,1908,.409,234,773,.303,488,659,.741,372,1235,421,211,97,467,630
309,Texas Christian,37,23,14,.622,13.81,9.60,7,11,15,5,3,7,2730,2574,,1500,990,2168,.457,281,813,.346,469,688,.682,395,1347,598,255,162,499,586
310,Texas-El Paso,29,8,21,.276,-8.23,-1.71,3,15,8,8,0,13,1859,2001,,1170,639,1592,.401,199,620,.321,382,578,.661,285,1070,307,135,84,466,551
311,Texas-Rio Grande Valley,37,20,17,.541,-2.04,-1.61,9,7,11,9,8,7,2634,2623,,1490,895,2139,.418,203,636,.319,641,923,.694,358,1215,503,345,105,471,763
312,Texas-San Antonio,32,17,15,.531,0.69,0.05,11,7,11,4,5,7,2481,2407,,1295,896,2068,.433,294,855,.344,395,536,.737,323,1216,420,213,82,402,581
313,Texas Southern,38,24,14,.632,-5.55,-6.99,14,4,10,2,13,11,3102,3008,,1550,1083,2379,.455,276,852,.324,660,988,.668,467,1503,591,309,114,589,679
314,Texas State,34,24,10,.706,1.54,-3.00,12,6,11,4,10,5,2470,2204,,1370,876,1971,.444,244,744,.328,474,694,.683,409,1291,493,234,84,455,667
315,Texas Tech NCAA,38,31,7,.816,22.79,9.53,14,4,17,1,6,3,2765,2261,,1530,990,2110,.469,277,759,.365,508,694,.732,315,1297,518,278,186,457,663
316,Texas,37,21,16,.568,16.06,11.46,8,10,15,6,2,8,2628,2458,,1495,929,2146,.433,325,934,.348,445,637,.699,358,1264,486,227,152,401,627
317,Toledo,33,25,8,.758,8.21,0.71,13,5,14,2,8,5,2537,2256,,1330,901,1990,.453,325,859,.378,410,531,.772,327,1281,538,170,152,402,517
318,Towson,32,10,22,.313,-8.44,-3.57,6,12,5,8,4,8,2170,2294,,1310,810,1860,.435,180,550,.327,370,532,.695,389,1184,319,154,94,390,561
319,Troy,30,12,18,.400,-6.12,-1.01,5,13,8,8,4,10,2179,2242,,1210,773,1719,.450,236,704,.335,397,550,.722,277,1021,392,171,135,408,523
320,Tulane,31,4,27,.129,-6.72,3.63,0,18,3,12,0,11,2082,2403,,1240,733,1783,.411,213,670,.318,403,585,.689,298,1131,444,147,109,467,535
321,Tulsa,32,18,14,.563,4.65,3.86,8,10,14,3,3,8,2296,2271,,1290,776,1732,.448,222,652,.340,522,751,.695,239,1119,430,176,76,404,529
322,UCLA,33,17,16,.515,7.17,6.78,9,9,13,5,3,7,2580,2567,,1335,919,2012,.457,256,721,.355,486,768,.633,380,1361,472,194,136,467,563
323,Utah State NCAA,35,28,7,.800,11.98,0.89,15,3,14,1,9,4,2753,2349,,1410,959,2038,.471,274,772,.355,559,747,.748,377,1405,598,215,147,449,649
324,Utah Valley,35,25,10,.714,3.00,-2.30,12,4,14,1,8,8,2697,2474,,1400,930,1929,.482,283,740,.382,554,764,.725,318,1271,484,201,89,487,612
325,Utah,31,17,14,.548,6.13,5.10,11,7,10,5,6,5,2343,2311,,1245,805,1735,.464,298,806,.370,435,616,.706,317,1096,440,144,80,409,548
326,Valparaiso,33,15,18,.455,-3.38,-1.00,7,11,8,7,5,8,2205,2187,,1335,802,1783,.450,185,585,.316,416,595,.699,294,1115,431,202,101,439,546
327,Vanderbilt,32,9,23,.281,3.57,7.79,0,18,8,10,1,10,2180,2315,,1285,736,1750,.421,230,739,.311,478,710,.673,325,1139,371,154,126,454,568
328,Vermont NCAA,34,27,7,.794,4.88,-4.18,14,2,16,2,11,4,2508,2143,,1370,864,1887,.458,273,761,.359,507,678,.748,304,1194,399,188,136,377,568
329,Villanova NCAA,36,26,10,.722,14.33,7.97,13,5,13,2,5,6,2654,2425,,1455,884,2019,.438,380,1081,.352,506,695,.728,368,1253,503,194,106,388,580
330,Virginia Commonwealth NCAA,33,25,8,.758,11.96,2.87,16,2,16,1,8,4,2344,2044,,1330,820,1872,.438,235,771,.305,469,669,.701,358,1208,450,263,148,458,650
331,VMI,32,11,21,.344,-10.50,0.09,4,14,8,7,2,13,2433,2617,,1290,843,1974,.427,323,899,.359,424,581,.730,280,1110,442,217,61,390,541
332,Virginia Tech NCAA,35,26,9,.743,19.28,7.79,12,6,14,2,5,5,2574,2172,,1410,893,1900,.470,327,831,.394,461,606,.761,310,1142,531,236,78,392,532
333,Virginia NCAA,38,35,3,.921,25.46,10.15,16,2,15,1,10,1,2714,2132,,1535,974,2056,.474,321,813,.395,445,598,.744,342,1326,544,211,149,342,542
334,Wagner,30,13,17,.433,-12.99,-7.63,8,10,7,7,6,10,1974,2044,,1205,655,1696,.386,236,773,.305,428,575,.744,378,1095,351,184,108,414,639
335,Wake Forest,31,11,20,.355,1.21,8.47,4,14,8,8,1,10,2119,2344,,1250,714,1812,.394,197,640,.308,494,681,.725,399,1174,329,150,77,417,555
336,Washington State,32,11,21,.344,-1.67,2.20,4,14,9,7,2,8,2393,2517,,1280,833,1861,.448,301,828,.364,426,564,.755,276,1076,478,169,89,440,554
337,Washington NCAA,36,27,9,.750,12.01,7.01,15,3,15,1,7,4,2511,2331,,1445,883,1956,.451,273,780,.350,472,679,.695,334,1129,419,323,206,479,653
338,Weber State,33,18,15,.545,-4.37,-6.12,11,9,10,5,5,7,2617,2454,,1330,920,1934,.476,249,684,.364,528,708,.746,220,1177,383,179,140,382,609
339,West Virginia,36,15,21,.417,6.94,10.57,4,14,11,7,0,10,2655,2786,,1460,901,2181,.413,269,852,.316,584,849,.688,519,1425,488,223,126,557,707
340,Western Carolina,32,7,25,.219,-9.28,0.34,4,14,4,8,3,14,2304,2563,,1295,792,1744,.454,296,800,.370,424,628,.675,303,1135,389,135,53,577,671
341,Western Illinois,31,10,21,.323,-10.04,-5.18,4,12,7,6,2,14,2198,2272,,1245,818,1860,.440,241,626,.385,321,440,.730,254,1100,319,165,132,353,487
342,Western Kentucky,34,20,14,.588,3.14,0.96,11,7,10,4,6,8,2429,2355,,1380,853,1910,.447,199,608,.327,524,724,.724,338,1256,417,235,174,466,528
343,Western Michigan,32,8,24,.250,-6.26,1.48,2,16,5,9,2,14,2246,2439,,1300,774,1822,.425,228,723,.315,470,680,.691,345,1197,374,147,78,490,564
344,Wichita State,37,22,15,.595,7.72,5.91,10,8,10,4,7,7,2609,2542,,1485,929,2277,.408,276,890,.310,475,655,.725,452,1417,499,174,135,446,705
345,William & Mary,31,14,17,.452,-4.78,-2.08,10,8,9,5,5,11,2321,2385,,1265,841,1773,.474,254,735,.346,385,576,.668,251,1057,529,158,146,390,516
346,Winthrop,30,18,12,.600,-2.89,-3.74,10,6,11,3,7,8,2499,2358,,1210,855,1878,.455,372,997,.373,417,565,.738,330,1232,460,134,83,456,535
347,Wisconsin NCAA,34,23,11,.676,17.90,11.01,14,6,12,3,8,5,2333,2099,,1385,874,1945,.449,241,672,.359,344,531,.648,283,1197,430,177,140,327,511
348,Wofford NCAA,35,30,5,.857,13.92,0.80,18,0,15,1,11,3,2879,2295,,1410,1044,2132,.490,385,929,.414,406,577,.704,365,1232,528,233,105,377,589
349,Wright State,35,21,14,.600,3.29,-0.89,13,5,15,2,5,8,2561,2365,,1405,885,2028,.436,281,818,.344,510,692,.737,382,1229,484,214,72,402,545
350,Wyoming,32,8,24,.250,-9.75,0.19,4,14,6,10,1,11,2105,2411,,1285,690,1656,.417,248,720,.344,477,660,.723,167,983,331,176,88,450,588
351,Xavier,35,19,16,.543,9.61,8.06,9,9,13,5,4,8,2526,2472,,1420,922,1977,.466,245,740,.331,437,644,.679,371,1281,519,190,128,450,550
352,Yale NCAA,30,22,8,.733,5.52,-1.24,10,4,11,2,8,5,2427,2202,,1215,893,1812,.493,230,634,.363,411,557,.738,259,1157,503,177,131,392,510
353,Youngstown State,32,12,20,.375,-7.78,-2.05,8,10,6,7,5,11,2415,2526,,1305,879,2057,.427,303,891,.340,354,505,.701,418,1207,449,210,115,423,656